0,0,0,1,((0,0,0,0,0,0,0,0,0,0,1,0,0,13,522177.41),((0,0,0,0,0,0,0,0,1,0,0,0,0,13,40.21),((0,0,0,0,0,0,0,0,0,0,0,0,0,0,0.00),),((0,0,0,0,0,0,0,0,0,0,0,0,1,13,0.00),((0,0,0,0,0,0,0,1,0,0,0,0,0,13,3.79),((0,0,0,0,0,0,0,0,0,0,1,0,0,366,16.50),((0,0,0,0,0,0,0,0,1,0,0,0,0,366,126.62),((0,0,0,0,0,0,0,0,0,0,0,0,0,0,0.00),),((0,0,0,0,0,0,0,0,0,0,0,0,1,366,0.00),((1,0,0,0,0,0,0,0,0,0,0,0,0,366,2334.61),),((0,0,0,0,0,0,0,0,0,0,0,0,0,0,0.00),))),((0,0,0,0,0,0,0,0,0,0,0,0,0,0,0.00),)),((0,0,0,0,0,0,0,0,0,0,1,0,0,366,16.50),((1,0,0,0,0,0,0,0,0,0,0,0,0,366,2334.61),),((0,0,0,0,0,0,0,0,0,0,0,0,0,0,0.00),))),((0,0,0,0,0,0,0,0,0,0,0,0,0,0,0.00),))),((0,0,0,0,0,0,0,0,0,0,0,0,0,0,0.00),)),20.450713
0,0,0,1,((0,0,0,0,0,0,0,0,0,0,0,0,0,0,0.00),((0,0,0,0,0,0,0,0,0,0,1,0,0,204,8.31),((0,0,0,0,0,0,0,0,0,0,0,1,0,204,4.59),((0,0,0,0,0,0,0,0,0,0,1,0,0,204,8.34),((0,0,0,0,0,0,1,0,0,0,0,0,0,204,795.36),((0,0,0,0,0,0,1,0,0,0,0,0,0,2528,9851.89),((1,0,0,0,0,0,0,0,0,0,0,0,0,16,1473.92),),((0,0,0,0,1,0,0,0,0,0,0,0,0,173,649.22),((0,0,0,1,0,0,0,0,0,0,0,0,0,173,5.73),),((0,0,0,0,0,0,0,0,0,0,0,0,0,0,0.00),))),((0,1,0,0,0,0,0,0,0,0,0,0,0,1,0.31),)),((0,0,0,0,0,0,0,0,0,0,0,0,0,0,0.00),)),((0,0,0,0,0,0,0,0,0,0,0,0,0,0,0.00),)),((0,0,0,0,0,0,0,0,0,0,0,0,0,0,0.00),)),((0,0,0,0,0,0,0,0,0,0,0,0,0,0,0.00),)),0.160200
0,0,0,1,((0,0,0,0,0,0,0,0,0,0,0,0,0,0,0.00),((0,0,0,0,0,0,0,0,0,0,0,1,0,401,11.67),((0,0,0,0,0,0,0,0,0,0,1,0,0,372,16.81),((0,0,0,0,0,0,0,0,0,0,0,0,0,0,0.00),),((0,0,0,0,0,0,0,0,0,0,0,0,0,0,0.00),)),((0,0,0,0,0,0,0,0,0,0,0,0,0,0,0.00),)),((0,0,0,0,0,0,0,0,0,0,0,0,0,0,0.00),)),13.826707
0,0,0,1,((0,0,0,0,0,0,0,0,0,0,0,0,0,0,0.00),((0,0,0,0,0,0,0,0,0,0,0,1,0,169,5.49),((0,0,0,0,0,0,0,0,0,0,1,0,0,169,6.68),((0,0,0,0,0,0,1,0,0,0,0,0,0,169,51.54),((0,0,0,0,0,0,1,0,0,0,0,0,0,169,30.07),((0,0,0,0,0,0,1,0,0,0,0,0,0,178,6695.78),((0,0,0,0,0,0,0,0,1,0,0,0,0,13662,7567.06),((1,0,0,0,0,0,0,0,0,0,0,0,0,2880790,80512.90),),((0,0,0,0,0,0,0,0,0,0,0,0,1,366,0.00),((1,0,0,0,0,0,0,0,0,0,0,0,0,366,2334.61),),((0,0,0,0,0,0,0,0,0,0,0,0,0,0,0.00),))),((0,1,0,0,0,0,0,0,0,0,0,0,0,1,0.49),)),((0,1,0,0,0,0,0,0,0,0,0,0,0,1,0.17),)),((0,1,0,0,0,0,0,0,0,0,0,0,0,1,0.31),)),((0,0,0,0,0,0,0,0,0,0,0,0,0,0,0.00),)),((0,0,0,0,0,0,0,0,0,0,0,0,0,0,0.00),)),((0,0,0,0,0,0,0,0,0,0,0,0,0,0,0.00),)),14.370382
0,0,0,1,((0,0,0,0,0,0,0,0,0,0,0,0,0,0,0.00),((0,0,0,0,0,0,0,0,0,0,0,1,0,40,16.67),((0,0,0,0,0,0,0,0,0,0,1,0,0,3235,196.68),((0,0,0,0,0,0,0,0,1,0,0,0,0,3235,366.44),((0,0,0,0,0,0,1,0,0,0,0,0,0,3235,533.62),((0,0,0,0,0,0,0,0,1,0,0,0,0,3397,7563.62),((1,0,0,0,0,0,0,0,0,0,0,0,0,2880790,80512.90),),((0,0,0,0,0,0,0,0,0,0,0,0,1,91,0.00),((1,0,0,0,0,0,0,0,0,0,0,0,0,91,2518.53),),((0,0,0,0,0,0,0,0,0,0,0,0,0,0,0.00),))),((0,1,0,0,0,0,0,0,0,0,0,0,0,1,0.16),)),((0,0,0,0,0,0,0,0,0,0,0,0,1,200,0.00),((0,0,0,0,0,1,0,0,0,0,0,0,0,200,34966.47),),((0,0,0,0,0,0,0,0,0,0,0,0,0,0,0.00),))),((0,0,0,0,0,0,0,0,0,0,0,0,0,0,0.00),)),((0,0,0,0,0,0,0,0,0,0,0,0,0,0,0.00),)),((0,0,0,0,0,0,0,0,0,0,0,0,0,0,0.00),)),8.202217
0,0,0,1,((0,0,1,0,0,0,0,0,0,0,0,0,0,1,1444364.51),),28.240816
0,0,0,1,((0,0,0,0,0,0,0,0,0,0,0,0,0,0,0.00),((0,0,0,0,0,0,0,0,0,0,1,0,0,91,3.19),((0,0,0,0,0,0,0,0,0,0,0,0,0,0,0.00),((0,0,0,0,0,0,0,0,0,0,1,0,0,91,3.19),((0,0,0,0,0,0,0,0,0,0,0,1,0,91,3.41),((0,0,0,0,0,0,0,0,0,0,1,0,0,91,3.19),((0,0,0,0,0,0,1,0,0,0,0,0,0,91,98.58),((0,0,0,0,0,0,0,0,1,0,0,0,0,313,1889.70),((1,0,0,0,0,0,0,0,0,0,0,0,0,719691,25971.91),),((0,0,0,0,0,0,0,0,0,0,0,0,1,32,0.00),((1,0,0,0,0,0,0,0,0,0,0,0,0,32,2518.53),),((0,0,0,0,0,0,0,0,0,0,0,0,0,0,0.00),))),((0,1,0,0,0,0,0,0,0,0,0,0,0,1,0.32),)),((0,0,0,0,0,0,0,0,0,0,0,0,0,0,0.00),)),((0,0,0,0,0,0,0,0,0,0,0,0,0,0,0.00),)),((0,0,0,0,0,0,0,0,0,0,0,0,0,0,0.00),)),((0,0,0,0,0,0,0,0,0,0,0,0,0,0,0.00),)),((0,0,0,0,0,0,0,0,0,0,0,0,0,0,0.00),)),((0,0,0,0,0,0,0,0,0,0,0,0,0,0,0.00),)),1.148778
0,0,0,1,((0,0,0,0,0,0,0,0,0,0,0,1,0,1,0.03),((0,0,0,0,0,0,1,0,0,0,0,0,0,1,15.34),((0,0,0,0,0,0,1,0,0,0,0,0,0,10,1.58),((0,0,0,0,0,0,1,0,0,0,0,0,0,11,45.33),((0,0,0,0,0,0,1,0,0,0,0,0,0,111,134.87),((0,0,0,0,0,0,0,0,1,0,0,0,0,431,243.35),((1,0,0,0,0,0,0,0,0,0,0,0,0,90956,166936.60),),((0,0,0,0,0,0,0,0,0,0,0,0,1,366,0.00),((1,0,0,0,0,0,0,0,0,0,0,0,0,366,2334.61),),((0,0,0,0,0,0,0,0,0,0,0,0,0,0,0.00),))),((0,1,0,0,0,0,0,0,0,0,0,0,0,1,0.31),)),((0,1,0,0,0,0,0,0,0,0,0,0,0,1,0.40),)),((0,0,1,0,0,0,0,0,0,0,0,0,0,1,0.16),)),((0,1,0,0,0,0,0,0,0,0,0,0,0,1,1.65),)),((0,0,0,0,0,0,0,0,0,0,0,0,0,0,0.00),)),9.837574
0,0,0,1,((0,0,0,0,0,0,0,0,0,0,0,0,0,0,0.00),((0,0,0,0,0,0,0,0,0,0,0,1,0,13,0.24),((0,0,0,0,0,0,0,0,0,0,1,0,0,3,0.03),((0,0,0,0,0,0,0,0,0,0,0,0,0,0,0.00),),((0,0,0,0,0,0,0,0,0,0,0,0,0,0,0.00),)),((0,0,0,0,0,0,0,0,0,0,0,0,0,0,0.00),)),((0,0,0,0,0,0,0,0,0,0,0,0,0,0,0.00),)),148.693858
0,0,0,1,((0,0,0,0,0,0,0,0,0,0,0,0,0,0,0.00),((0,0,0,0,0,0,0,0,0,0,1,0,0,1,0.02),((0,0,0,0,0,0,1,0,0,0,0,0,0,1,0.04),((0,0,0,0,0,0,0,0,0,0,0,1,0,1,2702.52),((0,0,0,0,0,0,0,0,0,0,1,0,0,1,0.02),((0,0,0,0,0,0,1,0,0,0,0,0,0,1,54.14),((0,0,0,0,0,0,1,0,0,0,0,0,0,173,1.73),((0,0,0,0,0,0,1,0,0,0,0,0,0,1,0.00),((0,0,0,0,0,0,0,0,0,0,0,1,0,1,0.01),((0,0,0,0,0,0,0,0,0,0,0,0,0,0,0.00),),((0,0,0,0,0,0,0,0,0,0,0,0,0,0,0.00),)),((0,1,0,0,0,0,0,0,0,0,0,0,0,1,8.30),)),((0,1,0,0,0,0,0,0,0,0,0,0,0,173,16.95),)),((0,1,0,0,0,0,0,0,0,0,0,0,0,1,0.31),)),((0,0,0,0,0,0,0,0,0,0,0,0,0,0,0.00),)),((0,0,0,0,0,0,0,0,0,0,0,0,0,0,0.00),)),((0,0,0,0,0,0,0,0,0,0,0,1,0,1,2702.52),((0,0,0,0,0,0,0,0,0,0,1,0,0,1,0.02),((0,0,0,0,0,0,1,0,0,0,0,0,0,1,54.14),((0,0,0,0,0,0,1,0,0,0,0,0,0,173,1.73),((0,0,0,0,0,0,1,0,0,0,0,0,0,1,0.00),((0,0,0,0,0,0,0,0,0,0,0,1,0,1,0.01),((0,0,0,0,0,0,0,0,0,0,0,0,0,0,0.00),),((0,0,0,0,0,0,0,0,0,0,0,0,0,0,0.00),)),((0,1,0,0,0,0,0,0,0,0,0,0,0,1,8.30),)),((0,1,0,0,0,0,0,0,0,0,0,0,0,173,16.95),)),((0,1,0,0,0,0,0,0,0,0,0,0,0,1,0.31),)),((0,0,0,0,0,0,0,0,0,0,0,0,0,0,0.00),)),((0,0,0,0,0,0,0,0,0,0,0,0,0,0,0.00),))),((0,0,0,0,0,0,0,0,0,0,0,0,0,0,0.00),)),((0,0,0,0,0,0,0,0,0,0,0,0,0,0,0.00),)),208.329275
0,0,0,1,((0,0,0,0,0,0,0,0,0,0,0,0,0,0,0.00),((0,0,0,0,0,0,0,0,0,0,0,1,0,219,3.83),((0,0,0,0,0,0,0,0,0,0,1,0,0,219,9.06),((0,0,0,0,0,0,1,0,0,0,0,0,0,219,687.25),((0,0,0,0,0,0,1,0,0,0,0,0,0,1766,565.39),((0,0,0,0,0,0,0,0,1,0,0,0,0,1775,3786.22),((1,0,0,0,0,0,0,0,0,0,0,0,0,1441850,51832.50),),((0,0,0,0,0,0,0,0,0,0,0,0,1,91,0.00),((1,0,0,0,0,0,0,0,0,0,0,0,0,91,2518.53),),((0,0,0,0,0,0,0,0,0,0,0,0,0,0,0.00),))),((0,1,0,0,0,0,0,0,0,0,0,0,0,1,0.32),)),((0,1,0,0,0,0,0,0,0,0,0,0,0,1,0.36),)),((0,0,0,0,0,0,0,0,0,0,0,0,0,0,0.00),)),((0,0,0,0,0,0,0,0,0,0,0,0,0,0,0.00),)),((0,0,0,0,0,0,0,0,0,0,0,0,0,0,0.00),)),3.271554
0,0,0,1,((0,0,0,0,0,0,0,0,0,0,0,0,0,0,0.00),((0,0,0,0,0,0,0,0,0,0,1,0,0,1,0.01),((0,0,0,0,0,0,0,0,0,0,0,1,0,1,0.02),((0,0,0,0,0,0,1,0,0,0,0,0,0,1,0.02),((0,0,0,0,0,0,1,0,0,0,0,0,0,1,1737.59),((0,0,0,0,0,0,1,0,0,0,0,0,0,4,42.94),((0,0,0,0,0,0,1,0,0,0,0,0,0,138,81.99),((0,0,0,0,0,0,0,0,1,0,0,0,0,1112,3785.79),((1,0,0,0,0,0,0,0,0,0,0,0,0,1441850,51832.50),),((0,0,0,0,0,0,0,0,0,0,0,0,1,57,0.00),((1,0,0,0,0,0,0,0,0,0,0,0,0,57,2518.53),),((0,0,0,0,0,0,0,0,0,0,0,0,0,0,0.00),))),((0,0,0,0,0,0,0,0,0,1,0,0,0,5,0.03),((1,0,0,0,0,0,0,0,0,0,0,0,0,5,10.65),),((0,0,0,0,0,0,0,0,0,0,0,0,0,0,0.00),))),((0,1,0,0,0,0,0,0,0,0,0,0,0,1,0.31),)),((0,0,1,0,0,0,0,0,0,0,0,0,0,2,1084.33),)),((0,1,0,0,0,0,0,0,0,0,0,0,0,10,10814.57),)),((0,0,0,0,0,0,0,0,0,0,0,0,0,0,0.00),)),((0,0,0,0,0,0,0,0,0,0,0,0,0,0,0.00),)),((0,0,0,0,0,0,0,0,0,0,0,0,0,0,0.00),)),36.913941
0,0,0,1,((0,0,0,0,0,0,0,0,0,0,0,0,0,0,0.00),((0,0,0,0,0,0,0,0,0,0,0,1,0,1,0.09),((0,0,0,0,0,0,0,0,0,0,1,0,0,1,0.01),((0,0,0,0,0,0,1,0,0,0,0,0,0,1,0.00),((0,0,0,0,0,0,1,0,0,0,0,0,0,1,0.50),((0,0,0,0,0,0,1,0,0,0,0,0,0,1,0.00),((0,0,0,0,0,0,1,0,0,0,0,0,0,1,0.00),((0,0,0,0,0,0,1,0,0,0,0,0,0,1,0.01),((0,0,0,0,0,0,1,0,0,0,0,0,0,1,1378.06),((0,0,0,0,0,0,0,0,1,0,0,0,0,1039,759.78),((1,0,0,0,0,0,0,0,0,0,0,0,0,288114,7682.14),),((0,0,0,0,0,0,0,0,0,0,0,0,1,275,0.00),((1,0,0,0,0,0,0,0,0,0,0,0,0,275,2426.57),),((0,0,0,0,0,0,0,0,0,0,0,0,0,0,0.00),))),((0,1,0,0,0,0,0,0,0,0,0,0,0,1,1.32),)),((0,1,0,0,0,0,0,0,0,0,0,0,0,1,2.23),)),((0,1,0,0,0,0,0,0,0,0,0,0,0,1,0.31),)),((0,1,0,0,0,0,0,0,0,0,0,0,0,1,0.32),)),((1,0,0,0,0,0,0,0,0,0,0,0,0,40,10.40),)),((0,1,0,0,0,0,0,0,0,0,0,0,0,1,0.31),)),((0,0,0,0,0,0,0,0,0,0,0,0,0,0,0.00),)),((0,0,0,0,0,0,0,0,0,0,0,0,0,0,0.00),)),((0,0,0,0,0,0,0,0,0,0,0,0,0,0,0.00),)),14.487655
0,0,0,1,((0,0,0,0,0,0,0,0,0,0,0,0,0,0,0.00),((0,0,0,0,0,0,0,0,0,0,1,0,0,153,5.93),((0,0,0,0,0,0,0,0,0,0,0,1,0,153,5.82),((0,0,0,0,0,0,0,0,0,0,1,0,0,38,1.09),((0,0,0,0,0,0,1,0,0,0,0,0,0,38,11.42),((0,0,0,0,0,0,1,0,0,0,0,0,0,38,104.45),((0,0,0,0,0,0,1,0,0,0,0,0,0,40,99.58),((0,0,0,0,0,0,1,0,0,0,0,0,0,239,161.47),((0,0,0,0,0,0,1,0,0,0,0,0,0,496,3747.83),((0,0,0,0,0,0,0,0,1,0,0,0,0,7137,3789.65),((1,0,0,0,0,0,0,0,0,0,0,0,0,1441850,51832.50),),((0,0,0,0,0,0,0,0,0,0,0,0,1,366,0.00),((1,0,0,0,0,0,0,0,0,0,0,0,0,366,2334.61),),((0,0,0,0,0,0,0,0,0,0,0,0,0,0,0.00),))),((0,1,0,0,0,0,0,0,0,0,0,0,0,1,0.53),)),((0,1,0,0,0,0,0,0,0,0,0,0,0,1,0.33),)),((0,1,0,0,0,0,0,0,0,0,0,0,0,1,0.42),)),((0,0,1,0,0,0,0,0,0,0,0,0,0,1,2.68),)),((0,1,0,0,0,0,0,0,0,0,0,0,0,1,0.31),)),((0,0,0,0,0,0,0,0,0,0,0,0,0,0,0.00),)),((0,0,0,0,0,0,0,0,0,0,0,0,0,0,0.00),)),((0,0,0,0,0,0,0,0,0,0,0,0,0,0,0.00),)),((0,0,0,0,0,0,0,0,0,0,0,0,0,0,0.00),)),8.611566
0,0,0,1,((0,0,0,0,0,0,0,0,0,0,0,0,0,0,0.00),((0,0,0,0,0,0,0,0,0,0,1,0,0,18,0.42),((0,0,0,0,0,0,0,0,0,0,0,1,0,18,0.45),((0,0,0,0,0,0,0,0,0,0,1,0,0,18,0.42),((0,0,0,0,0,0,1,0,0,0,0,0,0,18,6.47),((0,0,0,0,0,0,1,0,0,0,0,0,0,18,11.35),((1,0,0,0,0,0,0,0,0,0,0,0,0,40,10.40),),((0,0,0,0,0,0,0,0,0,1,0,0,0,19,0.10),((0,0,0,0,0,0,1,0,0,0,0,0,0,19,5.97),((0,0,0,0,0,0,1,0,0,0,0,0,0,20,334.67),((0,0,0,0,0,0,0,0,1,0,0,0,0,1083,7562.85),((1,0,0,0,0,0,0,0,0,0,0,0,0,2880790,80512.90),),((0,0,0,0,0,0,0,0,0,0,0,0,1,29,0.00),((1,0,0,0,0,0,0,0,0,0,0,0,0,29,2518.53),),((0,0,0,0,0,0,0,0,0,0,0,0,0,0,0.00),))),((0,1,0,0,0,0,0,0,0,0,0,0,0,1,0.31),)),((0,1,0,0,0,0,0,0,0,0,0,0,0,1,0.31),)),((0,0,0,0,0,0,0,0,0,0,0,0,0,0,0.00),))),((0,1,0,0,0,0,0,0,0,0,0,0,0,1,0.36),)),((0,0,0,0,0,0,0,0,0,0,0,0,0,0,0.00),)),((0,0,0,0,0,0,0,0,0,0,0,0,0,0,0.00),)),((0,0,0,0,0,0,0,0,0,0,0,0,0,0,0.00),)),((0,0,0,0,0,0,0,0,0,0,0,0,0,0,0.00),)),4.876534
0,0,0,1,((0,0,0,0,0,0,0,0,0,0,0,0,0,0,0.00),((0,0,0,0,0,0,0,0,0,0,1,0,0,182,7.29),((0,0,0,0,0,0,0,0,0,0,0,0,0,0,0.00),((0,0,0,0,0,0,0,0,0,0,1,0,0,182,7.29),((0,0,0,0,0,0,0,0,0,0,0,1,0,182,6.82),((0,0,0,0,0,0,0,0,0,0,1,0,0,182,7.29),((0,0,0,0,0,0,1,0,0,0,0,0,0,182,194.59),((0,0,0,0,0,0,0,0,1,0,0,0,0,624,3785.48),((1,0,0,0,0,0,0,0,0,0,0,0,0,1441850,51832.50),),((0,0,0,0,0,0,0,0,0,0,0,0,1,32,0.00),((1,0,0,0,0,0,0,0,0,0,0,0,0,32,2518.53),),((0,0,0,0,0,0,0,0,0,0,0,0,0,0,0.00),))),((0,1,0,0,0,0,0,0,0,0,0,0,0,1,0.31),)),((0,0,0,0,0,0,0,0,0,0,0,0,0,0,0.00),)),((0,0,0,0,0,0,0,0,0,0,0,0,0,0,0.00),)),((0,0,0,0,0,0,0,0,0,0,0,0,0,0,0.00),)),((0,0,0,0,0,0,0,0,0,0,0,0,0,0,0.00),)),((0,0,0,0,0,0,0,0,0,0,0,0,0,0,0.00),)),((0,0,0,0,0,0,0,0,0,0,0,0,0,0,0.00),)),2.108977
0,0,0,1,((0,0,0,0,0,0,0,0,0,0,0,0,0,0,0.00),((0,0,0,0,0,0,0,0,0,0,0,1,0,61,41.48),((0,0,0,0,0,0,0,0,0,0,1,0,0,553,26.57),((0,0,0,0,0,0,0,0,1,0,0,0,0,553,2.77),((0,0,0,0,0,0,1,0,0,0,0,0,0,553,2825.02),((0,0,0,0,0,0,0,0,1,0,0,0,0,9101,30835.80),((1,0,0,0,0,0,0,0,0,0,0,0,0,11746020,180952.20),),((0,0,0,0,0,0,0,0,0,0,0,0,1,57,0.00),((1,0,0,0,0,0,0,0,0,0,0,0,0,57,2518.53),),((0,0,0,0,0,0,0,0,0,0,0,0,0,0,0.00),))),((0,1,0,0,0,0,0,0,0,0,0,0,0,1,0.31),)),((0,0,0,0,0,0,0,0,0,0,0,0,1,100,0.00),((1,0,0,0,0,0,0,0,0,0,0,0,0,100,11.00),),((0,0,0,0,0,0,0,0,0,0,0,0,0,0,0.00),))),((0,0,0,0,0,0,0,0,0,0,0,0,0,0,0.00),)),((0,0,0,0,0,0,0,0,0,0,0,0,0,0,0.00),)),((0,0,0,0,0,0,0,0,0,0,0,0,0,0,0.00),)),17.350640
0,0,0,1,((0,0,0,0,0,0,0,0,0,0,0,0,0,0,0.00),((0,0,0,0,0,0,0,0,0,0,1,0,0,72793,2964.08),((0,0,0,0,0,0,0,0,0,0,0,1,0,72793,1636.36),((0,0,0,0,0,0,0,0,0,0,1,0,0,58116,10505.20),((0,0,0,0,0,0,0,0,1,0,0,0,0,58116,1870.51),((0,0,0,0,0,0,0,0,1,0,0,0,0,58116,30839.63),((1,0,0,0,0,0,0,0,0,0,0,0,0,11746020,180952.20),),((0,0,0,0,0,0,0,0,0,0,0,0,1,364,0.00),((1,0,0,0,0,0,0,0,0,0,0,0,0,364,2518.53),),((0,0,0,0,0,0,0,0,0,0,0,0,0,0,0.00),))),((0,0,0,0,0,0,0,0,0,0,0,0,1,18234,0.00),((1,0,0,0,0,0,0,0,0,0,0,0,0,18234,1428.34),),((0,0,0,0,0,0,0,0,0,0,0,0,0,0,0.00),))),((0,0,0,0,0,0,0,0,0,0,0,0,0,0,0.00),)),((0,0,0,0,0,0,0,0,0,0,0,0,0,0,0.00),)),((0,0,0,0,0,0,0,0,0,0,0,0,0,0,0.00),)),((0,0,0,0,0,0,0,0,0,0,0,0,0,0,0.00),)),81.491022
0,0,0,1,((0,0,0,0,0,0,0,0,0,0,0,0,0,0,0.00),((0,0,0,0,0,0,0,0,0,0,0,1,0,1,0.58),((0,0,0,0,0,0,0,0,0,0,0,0,0,0,0.00),),((0,0,0,0,0,0,0,0,0,0,0,0,0,0,0.00),)),((0,0,0,0,0,0,0,0,0,0,0,0,0,0,0.00),)),113.529653
0,0,0,1,((0,0,0,0,0,0,0,0,0,0,0,0,0,0,0.00),((0,0,0,0,0,0,0,0,0,0,1,0,0,225,9.16),((0,0,0,0,0,0,0,0,0,0,0,0,0,0,0.00),),((0,0,0,0,0,0,0,0,0,0,0,0,0,0,0.00),)),((0,0,0,0,0,0,0,0,0,0,0,0,0,0,0.00),)),113.904185
0,0,0,1,((0,0,0,0,0,0,0,0,0,0,0,1,0,1,102846.92),((0,0,0,0,0,0,0,0,0,0,1,0,0,1,0.01),((0,0,0,0,0,0,0,0,0,0,0,0,0,0,0.00),),((0,0,0,0,0,0,0,0,0,0,0,0,0,0,0.00),)),((0,0,0,0,0,0,0,0,0,0,0,0,0,0,0.00),)),3.502768
0,0,0,1,((0,0,0,0,0,0,0,0,0,0,0,1,0,1,102846.92),((0,0,0,0,0,0,0,0,0,0,1,0,0,1,0.01),((0,0,0,0,0,0,0,0,0,0,0,0,0,0,0.00),),((0,0,0,0,0,0,0,0,0,0,0,0,0,0,0.00),)),((0,0,0,0,0,0,0,0,0,0,0,0,0,0,0.00),)),3.450700
0,0,0,1,((0,0,0,0,0,0,0,0,0,0,0,0,0,0,0.00),((0,0,0,0,0,0,0,0,0,0,0,1,0,1,0.03),((0,0,0,0,0,0,0,0,0,0,1,0,0,1,0.01),((0,0,0,0,0,0,1,0,0,0,0,0,0,1,0.00),((0,0,0,0,0,0,1,0,0,0,0,0,0,1,0.50),((0,0,0,0,0,0,1,0,0,0,0,0,0,1,0.00),((0,0,0,0,0,0,1,0,0,0,0,0,0,1,0.00),((0,0,0,0,0,0,1,0,0,0,0,0,0,1,0.01),((0,0,0,0,0,0,1,0,0,0,0,0,0,1,1078.02),((0,0,0,0,0,0,0,0,1,0,0,0,0,813,759.03),((1,0,0,0,0,0,0,0,0,0,0,0,0,288114,7682.14),),((0,0,0,0,0,0,0,0,0,0,0,0,1,215,0.00),((1,0,0,0,0,0,0,0,0,0,0,0,0,215,2702.46),),((0,0,0,0,0,0,0,0,0,0,0,0,0,0,0.00),))),((0,1,0,0,0,0,0,0,0,0,0,0,0,1,1.32),)),((0,1,0,0,0,0,0,0,0,0,0,0,0,1,2.23),)),((0,1,0,0,0,0,0,0,0,0,0,0,0,1,0.32),)),((0,1,0,0,0,0,0,0,0,0,0,0,0,1,0.32),)),((1,0,0,0,0,0,0,0,0,0,0,0,0,40,10.40),)),((0,1,0,0,0,0,0,0,0,0,0,0,0,1,0.31),)),((0,0,0,0,0,0,0,0,0,0,0,0,0,0,0.00),)),((0,0,0,0,0,0,0,0,0,0,0,0,0,0,0.00),)),((0,0,0,0,0,0,0,0,0,0,0,0,0,0,0.00),)),22.953538
0,0,0,1,((0,0,0,0,0,0,0,0,0,0,0,0,0,0,0.00),((0,0,0,0,0,0,0,0,0,0,0,1,0,96,3.12),((0,0,0,0,0,0,0,0,0,0,1,0,0,96,3.40),((0,0,0,0,0,0,1,0,0,0,0,0,0,96,29.32),((0,0,0,0,0,0,1,0,0,0,0,0,0,96,16.32),((0,0,0,0,0,0,1,0,0,0,0,0,0,97,3765.67),((0,0,0,0,0,0,0,0,1,0,0,0,0,7137,3789.65),((1,0,0,0,0,0,0,0,0,0,0,0,0,1441850,51832.50),),((0,0,0,0,0,0,0,0,0,0,0,0,1,366,0.00),((1,0,0,0,0,0,0,0,0,0,0,0,0,366,2334.61),),((0,0,0,0,0,0,0,0,0,0,0,0,0,0,0.00),))),((0,1,0,0,0,0,0,0,0,0,0,0,0,1,0.53),)),((0,1,0,0,0,0,0,0,0,0,0,0,0,1,0.17),)),((0,1,0,0,0,0,0,0,0,0,0,0,0,1,0.31),)),((0,0,0,0,0,0,0,0,0,0,0,0,0,0,0.00),)),((0,0,0,0,0,0,0,0,0,0,0,0,0,0,0.00),)),((0,0,0,0,0,0,0,0,0,0,0,0,0,0,0.00),)),7.838782
0,0,0,1,((0,0,0,0,0,0,0,0,0,0,0,0,0,0,0.00),((0,0,0,0,0,0,0,0,0,0,0,1,0,51,1.39),((0,0,0,0,0,0,0,0,0,0,1,0,0,25,0.64),((0,0,0,0,0,0,1,0,0,0,0,0,0,25,7.36),((0,0,0,0,0,0,1,0,0,0,0,0,0,25,955.77),((0,0,0,0,0,0,0,0,1,0,0,0,0,1951,39.55),((0,0,0,0,0,0,0,0,1,0,0,0,0,13662,7567.06),((1,0,0,0,0,0,0,0,0,0,0,0,0,2880790,80512.90),),((0,0,0,0,0,0,0,0,0,0,0,0,1,366,0.00),((1,0,0,0,0,0,0,0,0,0,0,0,0,366,2334.61),),((0,0,0,0,0,0,0,0,0,0,0,0,0,0,0.00),))),((0,0,0,0,0,0,0,0,0,0,0,0,1,6,0.00),((1,0,0,0,0,0,0,0,0,0,0,0,0,6,10.70),),((0,0,0,0,0,0,0,0,0,0,0,0,0,0,0.00),))),((0,1,0,0,0,0,0,0,0,0,0,0,0,1,0.49),)),((0,1,0,0,0,0,0,0,0,0,0,0,0,1,0.31),)),((0,0,0,0,0,0,0,0,0,0,0,0,0,0,0.00),)),((0,0,0,0,0,0,0,0,0,0,0,0,0,0,0.00),)),((0,0,0,0,0,0,0,0,0,0,0,0,0,0,0.00),)),14.824403
0,0,0,1,((0,0,0,0,0,0,0,0,0,0,0,0,0,0,0.00),((0,0,0,0,0,0,1,0,0,0,0,0,0,1,0.02),((0,0,0,0,0,0,1,0,0,0,0,0,0,1,0.02),((0,0,0,0,0,0,1,0,0,0,0,0,0,1,0.02),((0,0,0,0,0,0,1,0,0,0,0,0,0,1,0.02),((0,0,0,0,0,0,1,0,0,0,0,0,0,1,0.03),((0,0,0,0,0,0,0,0,0,0,0,1,0,1,292.33),((1,0,0,0,0,0,0,0,0,0,0,0,0,38976,138128.70),),((0,0,0,0,0,0,0,0,0,0,0,0,0,0,0.00),)),((0,0,0,0,0,0,0,0,0,0,0,1,0,1,270.58),((1,0,0,0,0,0,0,0,0,0,0,0,0,36076,138128.70),),((0,0,0,0,0,0,0,0,0,0,0,0,0,0,0.00),))),((0,0,0,0,0,0,0,0,0,0,0,1,0,1,273.48),((1,0,0,0,0,0,0,0,0,0,0,0,0,36462,138128.70),),((0,0,0,0,0,0,0,0,0,0,0,0,0,0,0.00),))),((0,0,0,0,0,0,0,0,0,0,0,1,0,1,226.96),((1,0,0,0,0,0,0,0,0,0,0,0,0,30260,138128.70),),((0,0,0,0,0,0,0,0,0,0,0,0,0,0,0.00),))),((0,0,0,0,0,0,0,0,0,0,0,1,0,1,237.01),((1,0,0,0,0,0,0,0,0,0,0,0,0,31600,138128.70),),((0,0,0,0,0,0,0,0,0,0,0,0,0,0,0.00),))),((0,0,0,0,0,0,0,0,0,0,0,1,0,1,258.67),((1,0,0,0,0,0,0,0,0,0,0,0,0,34488,138128.70),),((0,0,0,0,0,0,0,0,0,0,0,0,0,0,0.00),))),((0,0,0,0,0,0,0,0,0,0,0,0,0,0,0.00),)),21.964239
0,0,0,1,((0,0,0,0,0,0,0,0,0,0,0,0,0,0,0.00),((0,0,0,0,0,0,0,0,0,0,0,1,0,1,0.03),((0,0,0,0,0,0,0,0,0,0,1,0,0,1,0.01),((0,0,0,0,0,0,1,0,0,0,0,0,0,1,0.00),((0,0,0,0,0,0,1,0,0,0,0,0,0,1,0.50),((0,0,0,0,0,0,1,0,0,0,0,0,0,1,0.00),((0,0,0,0,0,0,1,0,0,0,0,0,0,1,0.00),((0,0,0,0,0,0,1,0,0,0,0,0,0,1,0.01),((0,0,0,0,0,0,1,0,0,0,0,0,0,1,610.71),((0,0,0,0,0,0,0,0,1,0,0,0,0,461,757.87),((1,0,0,0,0,0,0,0,0,0,0,0,0,288114,7682.14),),((0,0,0,0,0,0,0,0,0,0,0,0,1,122,0.00),((1,0,0,0,0,0,0,0,0,0,0,0,0,122,2702.46),),((0,0,0,0,0,0,0,0,0,0,0,0,0,0,0.00),))),((0,1,0,0,0,0,0,0,0,0,0,0,0,1,1.32),)),((0,1,0,0,0,0,0,0,0,0,0,0,0,1,2.23),)),((0,1,0,0,0,0,0,0,0,0,0,0,0,1,0.32),)),((0,1,0,0,0,0,0,0,0,0,0,0,0,1,0.32),)),((1,0,0,0,0,0,0,0,0,0,0,0,0,40,10.40),)),((0,1,0,0,0,0,0,0,0,0,0,0,0,1,0.31),)),((0,0,0,0,0,0,0,0,0,0,0,0,0,0,0.00),)),((0,0,0,0,0,0,0,0,0,0,0,0,0,0,0.00),)),((0,0,0,0,0,0,0,0,0,0,0,0,0,0,0.00),)),13.489665
0,0,0,1,((0,0,0,0,0,0,0,0,0,0,0,0,0,0,0.00),((0,0,0,0,0,0,0,0,0,0,1,0,0,4,0.05),((0,0,0,0,0,0,1,0,0,0,0,0,0,4,38.81),((0,0,0,0,0,0,1,0,0,0,0,0,0,109,822.18),((0,0,0,0,0,0,0,0,0,0,0,0,0,0,0.00),),((0,1,0,0,0,0,0,0,0,0,0,0,0,1,7.61),)),((0,1,0,0,0,0,0,0,0,0,0,0,0,1,0.36),)),((0,0,0,0,0,0,0,0,0,0,0,0,0,0,0.00),)),((0,0,0,0,0,0,0,0,0,0,0,0,0,0,0.00),)),183.104762
0,0,0,1,((0,0,0,0,0,0,1,0,0,0,0,0,0,1,732502.91),((0,0,0,0,0,0,1,0,0,0,0,0,0,1,0.46),((0,0,0,0,0,0,1,0,0,0,0,0,0,1,0.46),((0,0,0,0,0,0,1,0,0,0,0,0,0,1,1.30),((0,0,0,0,0,0,1,0,0,0,0,0,0,2,7.11),((0,0,0,0,0,0,0,0,0,0,0,0,0,0,0.00),),((0,0,0,0,0,0,0,0,0,0,0,0,0,0,0.00),)),((0,0,0,0,0,0,0,0,0,0,0,0,0,0,0.00),)),((0,0,0,0,0,0,0,0,0,0,0,0,0,0,0.00),)),((0,0,0,0,0,0,0,0,0,0,0,0,0,0,0.00),)),((0,0,0,0,0,0,0,0,0,0,0,0,0,0,0.00),)),140.616864
0,0,0,1,((0,0,0,0,0,0,0,0,0,0,0,0,0,0,0.00),((0,0,0,0,0,0,0,0,0,0,0,1,0,1,0.02),((0,0,0,0,0,0,0,0,1,0,0,0,0,1,4.60),((0,0,0,0,0,0,0,0,1,0,0,0,0,1677,3786.15),((1,0,0,0,0,0,0,0,0,0,0,0,0,1441850,51832.50),),((0,0,0,0,0,0,0,0,0,0,0,0,1,86,0.00),((1,0,0,0,0,0,0,0,0,0,0,0,0,86,2518.53),),((0,0,0,0,0,0,0,0,0,0,0,0,0,0,0.00),))),((0,0,0,0,0,0,0,0,0,0,0,0,1,16,0.00),((1,0,0,0,0,0,0,0,0,0,0,0,0,16,1473.92),),((0,0,0,0,0,0,0,0,0,0,0,0,0,0,0.00),))),((0,0,0,0,0,0,0,0,0,0,0,0,0,0,0.00),)),((0,0,0,0,0,0,0,0,0,0,0,0,0,0,0.00),)),1.948569
0,0,0,1,((0,0,0,0,0,0,0,0,0,0,0,0,0,0,0.00),((0,0,0,0,0,0,0,0,0,0,1,0,0,200,8.14),((0,0,0,0,0,0,0,0,0,0,0,1,0,200,6.07),((0,0,0,0,0,0,0,0,0,0,0,0,0,0,0.00),),((0,0,0,0,0,0,0,0,0,0,0,0,0,0,0.00),)),((0,0,0,0,0,0,0,0,0,0,0,0,0,0,0.00),)),((0,0,0,0,0,0,0,0,0,0,0,0,0,0,0.00),)),7.192795
0,0,0,1,((0,0,0,0,0,0,0,0,0,0,1,0,0,12,0.25),((0,0,0,0,0,0,1,0,0,0,0,0,0,12,91.53),((0,0,0,0,0,0,0,0,0,0,0,1,0,12,3.03),((0,0,0,0,0,0,0,0,0,0,1,0,0,110,4.00),((0,0,0,0,0,0,1,0,0,0,0,0,0,110,543.56),((0,0,0,0,0,0,0,0,1,0,0,0,0,1699,25.88),((0,0,0,0,0,0,0,0,1,0,0,0,0,8921,7565.47),((1,0,0,0,0,0,0,0,0,0,0,0,0,2880790,80512.90),),((0,0,0,0,0,0,0,0,0,0,0,0,1,239,0.00),((1,0,0,0,0,0,0,0,0,0,0,0,0,239,3162.26),),((0,0,0,0,0,0,0,0,0,0,0,0,0,0,0.00),))),((0,0,0,0,0,0,0,0,0,0,0,0,1,8,0.00),((1,0,0,0,0,0,0,0,0,0,0,0,0,8,10.80),),((0,0,0,0,0,0,0,0,0,0,0,0,0,0,0.00),))),((0,1,0,0,0,0,0,0,0,0,0,0,0,1,0.32),)),((0,0,0,0,0,0,0,0,0,0,0,0,0,0,0.00),)),((0,0,0,0,0,0,0,0,0,0,0,0,0,0,0.00),)),((0,1,0,0,0,0,0,0,0,0,0,0,0,1,8.31),)),((0,0,0,0,0,0,0,0,0,0,0,0,0,0,0.00),)),9.167117
0,0,0,1,((0,0,0,0,0,0,0,0,0,0,0,0,0,0,0.00),((0,0,0,0,0,0,0,0,0,0,1,0,0,1001,40.76),((0,0,0,0,0,1,0,0,0,0,0,0,0,1001,91436.75),),((0,0,0,0,0,0,0,0,0,0,0,0,0,0,0.00),)),((0,0,0,0,0,0,0,0,0,0,0,0,0,0,0.00),)),17.659680
0,0,0,1,((0,0,0,0,0,0,0,0,0,0,0,0,0,0,0.00),((0,0,0,0,0,0,0,0,0,0,0,0,0,0,0.00),((0,0,0,0,0,0,0,0,0,0,1,0,0,87,3.02),((0,0,0,0,0,0,1,0,0,0,0,0,0,87,0.87),((0,0,0,0,0,0,1,0,0,0,0,0,0,1,3265.01),((1,0,0,0,0,0,0,0,0,0,0,0,0,2,1610.68),),((0,0,0,0,0,0,1,0,0,0,0,0,0,62,733.23),((1,0,0,0,0,0,0,0,0,0,0,0,0,62,2518.53),),((0,1,0,0,0,0,0,0,0,0,0,0,0,1,12.01),))),((0,0,1,0,0,0,0,0,0,0,0,0,0,87,1.99),)),((0,0,0,0,0,0,0,0,0,0,0,0,0,0,0.00),)),((0,0,0,0,0,0,0,0,0,0,0,0,0,0,0.00),)),((0,0,0,0,0,0,0,0,0,0,0,0,0,0,0.00),)),0.086612
0,0,0,1,((0,0,0,0,0,0,0,0,0,0,0,0,0,0,0.00),((0,0,0,0,0,0,0,0,0,0,0,1,0,1,8.90),((0,0,0,0,0,1,0,0,0,0,0,0,0,3558,189331.25),),((0,0,0,0,0,0,0,0,0,0,0,0,0,0,0.00),)),((0,0,0,0,0,0,0,0,0,0,0,0,0,0,0.00),)),32.393691
0,0,0,1,((0,0,0,0,0,0,0,0,0,0,1,0,0,1,226691.94),((0,0,0,0,0,0,0,0,1,0,0,0,0,1,4.38),((0,0,0,0,0,0,0,0,0,0,0,0,0,0,0.00),),((0,0,0,0,0,0,0,0,0,0,0,0,1,97,0.00),((0,0,0,0,0,0,0,0,0,0,0,0,0,0,0.00),),((0,0,0,0,0,0,0,0,0,0,0,0,0,0,0.00),))),((0,0,0,0,0,0,0,0,0,0,0,0,0,0,0.00),)),67.119323
0,0,0,1,((0,0,0,0,0,0,0,0,0,0,1,0,0,1,226691.94),((0,0,0,0,0,0,0,0,1,0,0,0,0,1,2.43),((0,0,0,0,0,0,0,0,0,0,0,0,0,0,0.00),),((0,0,0,0,0,0,0,0,0,0,0,0,1,97,0.00),((0,0,0,0,0,0,0,0,0,0,0,0,0,0,0.00),),((0,0,0,0,0,0,0,0,0,0,0,0,0,0,0.00),))),((0,0,0,0,0,0,0,0,0,0,0,0,0,0,0.00),)),67.297620
0,0,0,1,((0,0,0,0,0,0,0,0,0,0,0,0,0,0,0.00),((0,0,0,0,0,0,0,0,0,0,0,1,0,67,2.34),((0,0,0,0,0,0,0,0,0,0,1,0,0,67,2.20),((0,0,0,0,0,0,1,0,0,0,0,0,0,67,29.67),((0,0,0,0,0,0,1,0,0,0,0,0,0,67,10.71),((0,0,0,0,0,0,1,0,0,0,0,0,0,68,348.41),((0,0,0,0,0,0,0,0,1,0,0,0,0,1112,3785.79),((1,0,0,0,0,0,0,0,0,0,0,0,0,1441850,51832.50),),((0,0,0,0,0,0,0,0,0,0,0,0,1,57,0.00),((1,0,0,0,0,0,0,0,0,0,0,0,0,57,2518.53),),((0,0,0,0,0,0,0,0,0,0,0,0,0,0,0.00),))),((0,1,0,0,0,0,0,0,0,0,0,0,0,1,0.31),)),((0,1,0,0,0,0,0,0,0,0,0,0,0,1,0.16),)),((0,1,0,0,0,0,0,0,0,0,0,0,0,1,0.45),)),((0,0,0,0,0,0,0,0,0,0,0,0,0,0,0.00),)),((0,0,0,0,0,0,0,0,0,0,0,0,0,0,0.00),)),((0,0,0,0,0,0,0,0,0,0,0,0,0,0,0.00),)),2.355486
0,0,0,1,((0,0,0,0,0,0,0,0,0,0,0,0,0,0,0.00),((0,0,0,0,0,0,0,0,0,0,0,0,0,0,0.00),((0,0,0,0,0,0,0,0,0,0,1,0,0,87,3.02),((1,0,0,0,0,0,0,0,0,0,0,0,0,87,73424367.31),),((0,0,0,0,0,0,0,0,0,0,0,0,0,0,0.00),)),((0,0,0,0,0,0,0,0,0,0,0,0,0,0,0.00),)),((0,0,0,0,0,0,0,0,0,0,0,0,0,0,0.00),)),11.316420
0,0,0,1,((0,0,0,0,0,0,0,0,0,0,0,0,0,0,0.00),((0,0,0,0,0,0,0,0,0,0,1,0,0,21,0.51),((0,0,0,0,0,0,0,0,0,0,0,1,0,21,0.47),((0,0,0,0,0,0,0,0,0,0,1,0,0,21,0.51),((0,0,0,0,0,0,1,0,0,0,0,0,0,21,357.55),((0,0,0,0,0,0,0,0,1,0,0,0,0,1157,7562.87),((1,0,0,0,0,0,0,0,0,0,0,0,0,2880790,80512.90),),((0,0,0,0,0,0,0,0,0,0,0,0,1,31,0.00),((1,0,0,0,0,0,0,0,0,0,0,0,0,31,2518.53),),((0,0,0,0,0,0,0,0,0,0,0,0,0,0,0.00),))),((0,1,0,0,0,0,0,0,0,0,0,0,0,1,0.31),)),((0,0,0,0,0,0,0,0,0,0,0,0,0,0,0.00),)),((0,0,0,0,0,0,0,0,0,0,0,0,0,0,0.00),)),((0,0,0,0,0,0,0,0,0,0,0,0,0,0,0.00),)),((0,0,0,0,0,0,0,0,0,0,0,0,0,0,0.00),)),4.824504
0,0,0,1,((0,0,0,0,0,0,0,0,0,0,0,0,0,0,0.00),((0,0,0,0,0,0,0,0,0,0,1,0,0,1,0.01),((0,0,0,0,0,0,0,0,0,0,0,1,0,1,13.03),((0,0,0,0,0,0,0,0,0,0,1,0,0,325,14.37),((0,0,0,0,0,0,1,0,0,0,0,0,0,325,170.77),((1,0,0,0,0,0,0,0,0,0,0,0,0,1,10.50),),((0,0,0,0,0,0,0,0,1,0,0,0,0,13662,7567.06),((1,0,0,0,0,0,0,0,0,0,0,0,0,2880790,80512.90),),((0,0,0,0,0,0,0,0,0,0,0,0,1,366,0.00),((1,0,0,0,0,0,0,0,0,0,0,0,0,366,2334.61),),((0,0,0,0,0,0,0,0,0,0,0,0,0,0,0.00),)))),((0,0,0,0,0,0,0,0,0,0,0,0,0,0,0.00),)),((0,0,0,0,0,0,0,0,0,0,0,0,0,0,0.00),)),((0,0,0,0,0,0,0,0,0,0,0,0,0,0,0.00),)),((0,0,0,0,0,0,0,0,0,0,0,0,0,0,0.00),)),46.454345
0,0,0,1,((0,0,0,0,0,0,0,0,0,0,0,0,0,0,0.00),((0,0,0,0,0,0,0,1,0,0,0,0,0,17187,257.81),((0,0,0,0,0,0,0,0,0,0,1,0,0,1854,105.27),((0,0,0,0,0,0,0,0,1,0,0,0,0,1854,232.79),((0,0,0,0,0,1,0,0,0,0,0,0,0,1854,231302.99),),((0,0,0,0,0,0,0,0,0,0,0,0,1,18234,0.00),((1,0,0,0,0,0,0,0,0,0,0,0,0,18234,1428.34),),((0,0,0,0,0,0,0,0,0,0,0,0,0,0,0.00),))),((0,0,0,0,0,0,0,0,0,0,0,0,0,0,0.00),)),((0,0,0,0,0,0,0,0,0,0,1,0,0,1854,105.27),((0,0,0,0,0,0,0,0,1,0,0,0,0,1854,232.79),((0,0,0,0,0,1,0,0,0,0,0,0,0,1854,231302.99),),((0,0,0,0,0,0,0,0,0,0,0,0,1,18234,0.00),((1,0,0,0,0,0,0,0,0,0,0,0,0,18234,1428.34),),((0,0,0,0,0,0,0,0,0,0,0,0,0,0,0.00),))),((0,0,0,0,0,0,0,0,0,0,0,0,0,0,0.00),))),((0,0,0,0,0,0,0,0,0,0,0,0,0,0,0.00),)),14.179783
0,0,0,1,((0,0,0,0,0,0,0,0,0,0,0,0,0,0,0.00),((0,0,0,0,0,0,0,0,0,0,0,1,0,465,9.30),((0,0,0,0,0,0,0,0,0,0,1,0,0,465,21.76),((0,0,0,0,0,0,1,0,0,0,0,0,0,465,349.90),((0,0,0,0,0,0,1,0,0,0,0,0,0,889,316.89),((0,0,0,0,0,0,1,0,0,0,0,0,0,889,291.10),((0,0,0,0,0,0,0,0,1,0,0,0,0,890,1890.44),((1,0,0,0,0,0,0,0,0,0,0,0,0,719691,25971.91),),((0,0,0,0,0,0,0,0,0,0,0,0,1,91,0.00),((1,0,0,0,0,0,0,0,0,0,0,0,0,91,2518.53),),((0,0,0,0,0,0,0,0,0,0,0,0,0,0,0.00),))),((0,1,0,0,0,0,0,0,0,0,0,0,0,1,0.33),)),((0,1,0,0,0,0,0,0,0,0,0,0,0,1,0.36),)),((0,1,0,0,0,0,0,0,0,0,0,0,0,1,0.31),)),((0,0,0,0,0,0,0,0,0,0,0,0,0,0,0.00),)),((0,0,0,0,0,0,0,0,0,0,0,0,0,0,0.00),)),((0,0,0,0,0,0,0,0,0,0,0,0,0,0,0.00),)),2.086452
0,0,0,1,((0,0,0,0,0,0,0,0,0,0,0,0,0,0,0.00),((0,0,0,0,0,0,0,0,0,0,1,0,0,314,12.79),((0,0,0,0,0,0,1,0,0,0,0,0,0,314,115.99),((0,0,0,0,0,0,1,0,0,0,0,0,0,315,2094.14),((0,0,0,0,0,0,0,0,0,0,0,1,0,315,9.45),((0,0,0,0,0,0,0,0,0,0,1,0,0,315,13.86),((0,0,0,0,0,0,1,0,0,0,0,0,0,315,102.04),((0,0,0,0,0,0,1,0,0,0,0,0,0,331,427.59),((0,0,0,0,0,0,0,0,1,0,0,0,0,1391,33.83),((0,0,0,0,0,0,0,0,1,0,0,0,0,11684,7566.40),((1,0,0,0,0,0,0,0,0,0,0,0,0,2880790,80512.90),),((0,0,0,0,0,0,0,0,0,0,0,0,1,313,0.00),((1,0,0,0,0,0,0,0,0,0,0,0,0,313,2610.50),),((0,0,0,0,0,0,0,0,0,0,0,0,0,0,0.00),))),((0,0,0,0,0,0,0,0,0,0,0,0,1,5,0.00),((1,0,0,0,0,0,0,0,0,0,0,0,0,5,10.65),),((0,0,0,0,0,0,0,0,0,0,0,0,0,0,0.00),))),((0,1,0,0,0,0,0,0,0,0,0,0,0,1,0.31),)),((0,1,0,0,0,0,0,0,0,0,0,0,0,1,0.31),)),((0,0,0,0,0,0,0,0,0,0,0,0,0,0,0.00),)),((0,0,0,0,0,0,0,0,0,0,0,0,0,0,0.00),)),((0,1,0,0,0,0,0,0,0,0,0,0,0,1,6.66),)),((0,1,0,0,0,0,0,0,0,0,0,0,0,1,0.36),)),((0,0,0,0,0,0,0,0,0,0,0,0,0,0,0.00),)),((0,0,0,0,0,0,0,0,0,0,0,0,0,0,0.00),)),13.481165
0,0,0,1,((0,0,0,0,0,0,0,0,0,0,0,0,0,0,0.00),((0,0,0,0,0,0,0,0,0,0,1,0,0,1,0.02),((0,0,0,0,0,0,0,0,1,0,0,0,0,1,304.30),((0,0,0,0,0,0,0,0,0,0,0,0,0,0,0.00),),((0,0,0,0,0,0,0,0,0,0,0,0,1,1,0.00),((0,0,0,0,0,0,0,0,1,0,0,0,0,1,304.45),((0,0,0,0,0,0,0,0,0,0,0,0,0,0,0.00),),((0,0,0,0,0,0,0,0,0,0,0,0,1,8,0.00),((0,0,0,0,0,0,0,0,0,0,0,0,0,0,0.00),),((0,0,0,0,0,0,0,0,0,0,0,0,0,0,0.00),))),((0,0,0,0,0,0,0,0,0,0,0,0,0,0,0.00),))),((0,0,0,0,0,0,0,0,0,0,0,0,0,0,0.00),)),((0,0,0,0,0,0,0,0,0,0,0,0,0,0,0.00),)),30.113633
0,0,0,1,((0,0,0,0,0,0,0,0,0,0,0,1,0,1,0.02),((0,0,0,0,0,0,1,0,0,0,0,0,0,4,112.51),((0,0,0,0,0,0,1,0,0,0,0,0,0,142,609.77),((0,0,0,0,0,0,0,0,1,0,0,0,0,1644,5.49),((0,0,0,0,0,0,0,0,1,0,0,0,0,1726,960.09),((1,0,0,0,0,0,0,0,0,0,0,0,0,363986,166936.60),),((0,0,0,0,0,0,0,0,0,0,0,0,1,366,0.00),((1,0,0,0,0,0,0,0,0,0,0,0,0,366,2334.61),),((0,0,0,0,0,0,0,0,0,0,0,0,0,0,0.00),))),((0,0,0,0,0,0,0,0,0,0,0,0,1,40,0.00),((1,0,0,0,0,0,0,0,0,0,0,0,0,40,10.40),),((0,0,0,0,0,0,0,0,0,0,0,0,0,0,0.00),))),((0,1,0,0,0,0,0,0,0,0,0,0,0,1,0.36),)),((0,1,0,0,0,0,0,0,0,0,0,0,0,1,0.79),)),((0,0,0,0,0,0,0,0,0,0,0,0,0,0,0.00),)),11.595293
0,0,0,1,((0,0,0,0,0,0,0,0,0,0,0,0,0,0,0.00),((0,0,0,0,0,0,0,0,0,0,1,0,0,3,0.06),((0,0,0,0,0,0,0,0,0,0,0,1,0,3,0.07),((0,0,0,0,0,0,0,0,0,0,0,0,0,0,0.00),),((0,0,0,0,0,0,0,0,0,0,0,0,0,0,0.00),)),((0,0,0,0,0,0,0,0,0,0,0,0,0,0,0.00),)),((0,0,0,0,0,0,0,0,0,0,0,0,0,0,0.00),)),1.187449
0,0,0,1,((0,0,0,0,0,0,0,0,0,0,0,0,0,0,0.00),((0,0,0,0,0,0,0,0,0,0,0,1,0,1,0.09),((0,0,0,0,0,0,0,0,0,0,1,0,0,1,0.01),((0,0,0,0,0,0,1,0,0,0,0,0,0,1,0.00),((0,0,0,0,0,0,1,0,0,0,0,0,0,1,0.50),((0,0,0,0,0,0,1,0,0,0,0,0,0,1,154.01),((0,0,0,0,0,0,0,0,1,0,0,0,0,117,756.73),((1,0,0,0,0,0,0,0,0,0,0,0,0,288114,7682.14),),((0,0,0,0,0,0,0,0,0,0,0,0,1,31,0.00),((1,0,0,0,0,0,0,0,0,0,0,0,0,31,2518.53),),((0,0,0,0,0,0,0,0,0,0,0,0,0,0,0.00),))),((0,1,0,0,0,0,0,0,0,0,0,0,0,1,1.32),)),((1,0,0,0,0,0,0,0,0,0,0,0,0,40,10.40),)),((0,0,1,0,0,0,0,0,0,0,0,0,0,1,0.31),)),((0,0,0,0,0,0,0,0,0,0,0,0,0,0,0.00),)),((0,0,0,0,0,0,0,0,0,0,0,0,0,0,0.00),)),((0,0,0,0,0,0,0,0,0,0,0,0,0,0,0.00),)),0.684516
0,0,0,1,((0,0,0,0,0,0,0,0,0,0,0,0,0,0,0.00),((0,0,0,0,0,1,0,0,0,0,0,0,0,4529,124488.85),),((0,0,0,0,0,0,0,0,0,0,0,0,0,0,0.00),)),17.455060
0,0,0,1,((0,0,0,0,0,0,0,0,0,0,0,0,0,0,0.00),((0,0,0,0,0,0,0,0,0,0,1,0,0,21,0.51),((0,0,0,0,0,0,0,0,0,0,0,1,0,21,0.47),((0,0,0,0,0,0,0,0,0,0,1,0,0,21,0.51),((0,0,0,0,0,0,1,0,0,0,0,0,0,21,357.55),((0,0,0,0,0,0,0,0,1,0,0,0,0,1157,7562.87),((1,0,0,0,0,0,0,0,0,0,0,0,0,2880790,80512.90),),((0,0,0,0,0,0,0,0,0,0,0,0,1,31,0.00),((1,0,0,0,0,0,0,0,0,0,0,0,0,31,2518.53),),((0,0,0,0,0,0,0,0,0,0,0,0,0,0,0.00),))),((0,1,0,0,0,0,0,0,0,0,0,0,0,1,0.31),)),((0,0,0,0,0,0,0,0,0,0,0,0,0,0,0.00),)),((0,0,0,0,0,0,0,0,0,0,0,0,0,0,0.00),)),((0,0,0,0,0,0,0,0,0,0,0,0,0,0,0.00),)),((0,0,0,0,0,0,0,0,0,0,0,0,0,0,0.00),)),4.922746
0,0,0,1,((0,0,0,0,0,0,0,0,0,0,0,0,0,0,0.00),((0,0,0,0,0,0,0,0,0,0,1,0,0,7,0.12),((0,0,0,0,0,1,0,0,0,0,0,0,0,7,22063.48),),((0,0,0,0,0,0,0,0,0,0,0,0,0,0,0.00),)),((0,0,0,0,0,0,0,0,0,0,0,0,0,0,0.00),)),3.646298
0,0,0,1,((0,0,0,0,0,0,0,0,0,0,0,0,0,0,0.00),((0,0,0,0,0,0,0,0,0,0,1,0,0,1,0.01),((0,0,0,0,0,0,0,0,0,0,0,1,0,1,0.03),((0,0,0,0,0,0,0,0,0,0,1,0,0,1,0.01),((0,0,0,0,0,1,0,0,0,0,0,0,0,1,102910.19),),((0,0,0,0,0,0,0,0,0,0,0,0,0,0,0.00),)),((0,0,0,0,0,0,0,0,0,0,0,0,0,0,0.00),)),((0,0,0,0,0,0,0,0,0,0,0,0,0,0,0.00),)),((0,0,0,0,0,0,0,0,0,0,0,0,0,0,0.00),)),318.338747
0,0,0,1,((0,0,0,0,0,0,0,0,0,0,0,0,0,0,0.00),((0,0,0,0,0,0,0,0,0,0,1,0,0,11,0.22),((0,0,0,0,0,0,0,0,0,0,0,1,0,11,0.22),((0,0,0,0,0,0,0,0,0,0,1,0,0,11,0.22),((0,0,0,0,0,0,1,0,0,0,0,0,0,11,357.55),((0,0,0,0,0,0,0,0,1,0,0,0,0,1157,7562.87),((1,0,0,0,0,0,0,0,0,0,0,0,0,2880790,80512.90),),((0,0,0,0,0,0,0,0,0,0,0,0,1,31,0.00),((1,0,0,0,0,0,0,0,0,0,0,0,0,31,2518.53),),((0,0,0,0,0,0,0,0,0,0,0,0,0,0,0.00),))),((0,1,0,0,0,0,0,0,0,0,0,0,0,1,0.31),)),((0,0,0,0,0,0,0,0,0,0,0,0,0,0,0.00),)),((0,0,0,0,0,0,0,0,0,0,0,0,0,0,0.00),)),((0,0,0,0,0,0,0,0,0,0,0,0,0,0,0.00),)),((0,0,0,0,0,0,0,0,0,0,0,0,0,0,0.00),)),4.733889
0,0,0,1,((0,0,0,0,0,0,0,0,0,0,0,0,0,0,0.00),((0,0,0,0,0,0,0,0,0,0,1,0,0,4,0.05),((0,0,0,0,0,0,0,0,0,0,0,1,0,4,0.07),((0,0,0,0,0,0,0,0,0,0,1,0,0,4,0.05),((0,0,0,0,0,0,0,0,0,0,0,0,0,0,0.00),),((0,0,0,0,0,0,0,0,0,0,0,0,0,0,0.00),)),((0,0,0,0,0,0,0,0,0,0,0,0,0,0,0.00),)),((0,0,0,0,0,0,0,0,0,0,0,0,0,0,0.00),)),((0,0,0,0,0,0,0,0,0,0,0,0,0,0,0.00),)),2.867893
0,0,0,1,((0,0,0,0,0,0,0,0,0,0,0,0,0,0,0.00),((0,0,0,0,0,0,0,0,0,0,1,0,0,1,0.01),((0,0,0,0,0,0,0,0,1,0,0,0,0,1,135.00),((0,0,0,0,0,0,0,0,0,0,0,0,0,0,0.00),),((0,0,0,0,0,0,0,0,0,0,0,0,1,1,0.00),((0,0,0,0,0,0,0,0,1,0,0,0,0,1,135.08),((0,0,0,0,0,0,0,0,0,0,0,0,0,0,0.00),),((0,0,0,0,0,0,0,0,0,0,0,0,1,5,0.00),((0,0,0,0,0,0,0,0,0,0,0,0,0,0,0.00),),((0,0,0,0,0,0,0,0,0,0,0,0,0,0,0.00),))),((0,0,0,0,0,0,0,0,0,0,0,0,0,0,0.00),))),((0,0,0,0,0,0,0,0,0,0,0,0,0,0,0.00),)),((0,0,0,0,0,0,0,0,0,0,0,0,0,0,0.00),)),12.245384
0,0,0,1,((0,0,0,0,0,0,0,0,0,0,0,0,0,0,0.00),((0,0,0,0,0,0,0,0,0,0,1,0,0,1,0.02),((0,0,0,0,0,0,0,1,0,0,0,0,0,1,3.36),((0,0,0,0,0,0,0,0,0,0,0,1,0,261,2339.18),((0,0,0,0,0,0,0,0,0,0,1,0,0,261,11.13),((0,0,0,0,0,0,1,0,0,0,0,0,0,261,79.77),((0,0,0,0,0,0,0,0,1,0,0,0,0,261,10805.66),((1,0,0,0,0,0,0,0,0,0,0,0,0,2880790,80512.90),),((0,0,0,0,0,0,0,0,0,0,0,0,1,7,0.00),((0,0,0,0,0,0,0,0,1,0,0,0,0,7,193.28),((1,0,0,0,0,0,0,0,0,0,0,0,0,73569,2150.69),),((0,0,0,0,0,0,0,0,0,0,0,0,1,7,0.00),((1,0,0,0,0,0,0,0,0,0,0,0,0,7,2334.61),),((0,0,0,0,0,0,0,0,0,0,0,0,0,0,0.00),))),((0,0,0,0,0,0,0,0,0,0,0,0,0,0,0.00),))),((0,1,0,0,0,0,0,0,0,0,0,0,0,1,0.31),)),((0,0,0,0,0,0,0,0,0,0,0,0,0,0,0.00),)),((0,0,0,0,0,0,0,0,0,0,0,0,0,0,0.00),)),((0,0,0,0,0,0,0,0,0,1,0,0,0,1,0.00),((0,0,0,0,0,0,0,1,0,0,0,0,0,1,3.92),((0,0,0,0,0,0,0,0,0,0,0,1,0,137,2337.01),((0,0,0,0,0,0,0,0,0,0,1,0,0,137,5.20),((0,0,0,0,0,0,1,0,0,0,0,0,0,137,41.97),((0,0,0,0,0,0,0,0,1,0,0,0,0,137,5408.40),((1,0,0,0,0,0,0,0,0,0,0,0,0,1441850,51832.50),),((0,0,0,0,0,0,0,0,0,0,0,0,1,7,0.00),((0,0,0,0,0,0,0,0,1,0,0,0,0,7,193.28),((1,0,0,0,0,0,0,0,0,0,0,0,0,73569,2150.69),),((0,0,0,0,0,0,0,0,0,0,0,0,1,7,0.00),((1,0,0,0,0,0,0,0,0,0,0,0,0,7,2334.61),),((0,0,0,0,0,0,0,0,0,0,0,0,0,0,0.00),))),((0,0,0,0,0,0,0,0,0,0,0,0,0,0,0.00),))),((0,1,0,0,0,0,0,0,0,0,0,0,0,1,0.31),)),((0,0,0,0,0,0,0,0,0,0,0,0,0,0,0.00),)),((0,0,0,0,0,0,0,0,0,0,0,0,0,0,0.00),)),((0,0,0,0,0,0,0,0,0,1,0,0,0,68,0.85),((0,0,0,0,0,0,0,0,0,0,0,1,0,68,2335.80),((0,0,0,0,0,0,0,0,0,0,1,0,0,68,2.24),((0,0,0,0,0,0,1,0,0,0,0,0,0,68,20.92),((0,0,0,0,0,0,0,0,1,0,0,0,0,68,2699.61),((1,0,0,0,0,0,0,0,0,0,0,0,0,719691,25971.91),),((0,0,0,0,0,0,0,0,0,0,0,0,1,7,0.00),((0,0,0,0,0,0,0,0,1,0,0,0,0,7,193.28),((1,0,0,0,0,0,0,0,0,0,0,0,0,73569,2150.69),),((0,0,0,0,0,0,0,0,0,0,0,0,1,7,0.00),((1,0,0,0,0,0,0,0,0,0,0,0,0,7,2334.61),),((0,0,0,0,0,0,0,0,0,0,0,0,0,0,0.00),))),((0,0,0,0,0,0,0,0,0,0,0,0,0,0,0.00),))),((0,1,0,0,0,0,0,0,0,0,0,0,0,1,0.31),)),((0,0,0,0,0,0,0,0,0,0,0,0,0,0,0.00),)),((0,0,0,0,0,0,0,0,0,0,0,0,0,0,0.00),)),((0,0,0,0,0,0,0,0,0,0,0,0,0,0,0.00),))),((0,0,0,0,0,0,0,0,0,0,0,0,0,0,0.00),))),((0,0,0,0,0,0,0,0,0,0,0,0,0,0,0.00),)),((0,0,0,0,0,0,0,0,0,0,0,0,0,0,0.00),)),6.626225
0,0,0,1,((0,0,0,0,0,0,0,0,0,0,0,0,0,0,0.00),((0,0,0,0,0,0,0,0,0,0,1,0,0,1,0.02),((0,0,0,0,0,0,1,0,0,0,0,0,0,1,14.72),((0,0,0,0,0,0,0,0,1,0,0,0,0,87,237.78),((0,0,0,0,0,0,0,0,0,0,0,0,0,0,0.00),),((0,0,0,0,0,0,0,0,0,0,0,0,1,14,0.00),((0,0,0,0,0,0,0,1,0,0,0,0,0,14,4.06),((0,0,0,0,0,0,0,0,0,0,1,0,0,433,20.04),((0,0,0,0,0,0,0,0,1,0,0,0,0,433,150.91),((0,0,0,0,0,0,0,0,1,0,0,0,0,12628,169.75),((0,0,0,0,0,0,0,0,0,0,0,0,0,0,0.00),),((0,0,0,0,0,0,0,0,0,0,0,0,1,40,0.00),((1,0,0,0,0,0,0,0,0,0,0,0,0,40,10.40),),((0,0,0,0,0,0,0,0,0,0,0,0,0,0,0.00),))),((0,0,0,0,0,0,0,0,0,0,0,0,1,361,0.00),((1,0,0,0,0,0,0,0,0,0,0,0,0,361,2518.53),),((0,0,0,0,0,0,0,0,0,0,0,0,0,0,0.00),))),((0,0,0,0,0,0,0,0,0,0,0,0,0,0,0.00),)),((0,0,0,0,0,0,0,0,0,0,1,0,0,351,15.72),((1,0,0,0,0,0,0,0,0,0,0,0,0,351,2518.53),),((0,0,0,0,0,0,0,0,0,0,0,0,0,0,0.00),))),((0,0,0,0,0,0,0,0,0,0,0,0,0,0,0.00),))),((0,1,0,0,0,0,0,0,0,0,0,0,0,1,0.16),)),((0,0,0,0,0,0,0,0,0,0,0,0,0,0,0.00),)),((0,0,0,0,0,0,0,0,0,0,0,0,0,0,0.00),)),30.563147
0,0,0,1,((0,0,0,0,0,0,0,0,0,0,0,0,0,0,0.00),((0,0,0,0,0,0,0,0,0,0,1,0,0,174,6.91),((0,0,0,0,0,0,0,0,0,0,0,1,0,174,3.04),((0,0,0,0,0,0,0,0,0,0,0,0,0,0,0.00),),((0,0,0,0,0,0,0,0,0,0,0,0,0,0,0.00),)),((0,0,0,0,0,0,0,0,0,0,0,0,0,0,0.00),)),((0,0,0,0,0,0,0,0,0,0,0,0,0,0,0.00),)),12.310027
0,0,0,1,((0,0,0,0,0,0,0,0,0,0,0,0,0,0,0.00),((0,0,0,0,0,0,0,0,0,0,1,0,0,1,0.02),((0,0,0,0,0,0,1,0,0,0,0,0,0,1,0.04),((0,0,0,0,0,0,0,0,0,0,0,1,0,1,0.01),((0,0,0,0,0,0,1,0,0,0,0,0,0,1,0.00),((0,0,0,0,0,0,1,0,0,0,0,0,0,1,0.00),((0,0,0,0,0,0,1,0,0,0,0,0,0,1,1049.45),((0,0,0,0,0,0,0,0,1,0,0,0,0,3309,19.55),((0,0,0,0,0,0,0,0,1,0,0,0,0,6605,801.75),((0,0,0,0,0,0,0,0,1,0,0,0,0,277430,7585.78),((1,0,0,0,0,0,0,0,0,0,0,0,0,2880790,80512.90),),((0,0,0,0,0,0,0,0,0,0,0,0,1,1756,0.00),((1,0,0,0,0,0,0,0,0,0,0,0,0,1756,1473.92),),((0,0,0,0,0,0,0,0,0,0,0,0,0,0,0.00),))),((0,0,0,0,0,0,0,0,0,0,0,0,1,1,0.00),((1,0,0,0,0,0,0,0,0,0,0,0,0,1,10.50),),((0,0,0,0,0,0,0,0,0,0,0,0,0,0,0.00),))),((0,0,0,0,0,0,0,0,0,0,0,0,1,158,0.00),((1,0,0,0,0,0,0,0,0,0,0,0,0,158,13.25),),((0,0,0,0,0,0,0,0,0,0,0,0,0,0,0.00),))),((0,1,0,0,0,0,0,0,0,0,0,0,0,1,0.32),)),((0,1,0,0,0,0,0,0,0,0,0,0,0,1,0.31),)),((0,1,0,0,0,0,0,0,0,0,0,0,0,1,0.36),)),((0,0,0,0,0,0,0,0,0,0,0,0,0,0,0.00),)),((0,0,0,0,0,0,0,0,0,0,0,1,0,1,0.01),((0,0,0,0,0,0,1,0,0,0,0,0,0,1,0.36),((0,0,0,0,0,0,1,0,0,0,0,0,0,2,0.63),((0,0,0,0,0,0,1,0,0,0,0,0,0,3,7.73),((0,0,0,0,0,0,0,0,1,0,0,0,0,26,3.14),((0,0,0,0,0,0,0,0,1,0,0,0,0,1083,7562.85),((1,0,0,0,0,0,0,0,0,0,0,0,0,2880790,80512.90),),((0,0,0,0,0,0,0,0,0,0,0,0,1,29,0.00),((1,0,0,0,0,0,0,0,0,0,0,0,0,29,2518.53),),((0,0,0,0,0,0,0,0,0,0,0,0,0,0,0.00),))),((0,0,0,0,0,0,0,0,0,0,0,0,1,1,0.00),((1,0,0,0,0,0,0,0,0,0,0,0,0,1,10.50),),((0,0,0,0,0,0,0,0,0,0,0,0,0,0,0.00),))),((0,1,0,0,0,0,0,0,0,0,0,0,0,1,0.31),)),((0,1,0,0,0,0,0,0,0,0,0,0,0,1,0.31),)),((0,1,0,0,0,0,0,0,0,0,0,0,0,1,0.36),)),((0,0,0,0,0,0,0,0,0,0,0,0,0,0,0.00),))),((0,0,0,0,0,0,0,0,0,0,0,0,0,0,0.00),)),((0,0,0,0,0,0,0,0,0,0,0,0,0,0,0.00),)),0.157510
0,0,0,1,((0,0,0,0,0,0,0,0,0,0,0,0,0,0,0.00),((0,0,0,0,0,0,0,0,0,0,0,1,0,3554,257.66),((0,0,0,0,0,0,0,0,0,0,1,0,0,3554,218.49),((0,0,0,0,0,0,0,0,1,0,0,0,0,3554,19.71),((0,0,0,0,0,0,0,0,1,0,0,0,0,3556,11.81),((0,0,0,0,0,0,0,0,1,0,0,0,0,3557,10.99),((0,0,0,0,0,0,0,0,1,0,0,0,0,3559,1893.85),((1,0,0,0,0,0,0,0,0,0,0,0,0,719691,25971.91),),((0,0,0,0,0,0,0,0,0,0,0,0,1,364,0.00),((1,0,0,0,0,0,0,0,0,0,0,0,0,364,2518.53),),((0,0,0,0,0,0,0,0,0,0,0,0,0,0,0.00),))),((0,0,0,0,0,0,0,0,0,0,0,0,1,100,0.00),((1,0,0,0,0,0,0,0,0,0,0,0,0,100,11.00),),((0,0,0,0,0,0,0,0,0,0,0,0,0,0,0.00),))),((0,0,0,0,0,0,0,0,0,0,0,0,1,180,0.00),((1,0,0,0,0,0,0,0,0,0,0,0,0,180,11.80),),((0,0,0,0,0,0,0,0,0,0,0,0,0,0,0.00),))),((0,0,0,0,0,0,0,0,0,0,0,0,1,40,0.00),((1,0,0,0,0,0,0,0,0,0,0,0,0,40,10.40),),((0,0,0,0,0,0,0,0,0,0,0,0,0,0,0.00),))),((0,0,0,0,0,0,0,0,0,0,0,0,0,0,0.00),)),((0,0,0,0,0,0,0,0,0,0,0,0,0,0,0.00),)),((0,0,0,0,0,0,0,0,0,0,0,0,0,0,0.00),)),3.237171
0,0,0,1,((0,0,0,0,0,0,0,0,0,0,0,0,0,0,0.00),((0,0,0,0,0,0,0,0,0,0,1,0,0,7,0.12),((0,0,0,0,0,1,0,0,0,0,0,0,0,7,22063.48),),((0,0,0,0,0,0,0,0,0,0,0,0,0,0,0.00),)),((0,0,0,0,0,0,0,0,0,0,0,0,0,0,0.00),)),3.683412
0,0,0,1,((0,0,0,0,0,0,0,0,0,0,1,0,0,1,82324.24),((0,0,0,0,0,0,1,0,0,0,0,0,0,1,0.02),((0,0,0,0,0,0,0,0,0,0,0,0,0,0,0.00),),((0,0,0,0,0,0,0,0,0,0,0,0,0,0,0.00),)),((0,0,0,0,0,0,0,0,0,0,0,0,0,0,0.00),)),7.449149
0,0,0,1,((0,0,0,0,0,0,0,0,0,0,0,0,0,0,0.00),((0,0,0,0,0,0,0,0,0,0,1,0,0,906,36.89),((0,0,0,0,0,0,1,0,0,0,0,0,0,906,621.85),((0,0,0,0,0,0,0,0,1,0,0,0,0,906,9.71),((0,0,0,0,0,0,0,0,1,0,0,0,0,2717,172.79),((0,0,0,0,0,0,0,0,0,0,0,1,0,13587,271.74),((0,0,0,0,0,0,0,0,1,0,0,0,0,13587,7567.04),((1,0,0,0,0,0,0,0,0,0,0,0,0,2880790,80512.90),),((0,0,0,0,0,0,0,0,0,0,0,0,1,364,0.00),((1,0,0,0,0,0,0,0,0,0,0,0,0,364,2518.53),),((0,0,0,0,0,0,0,0,0,0,0,0,0,0,0.00),))),((0,0,0,0,0,0,0,0,0,0,0,0,0,0,0.00),)),((0,0,0,0,0,0,0,0,0,0,0,0,1,40,0.00),((1,0,0,0,0,0,0,0,0,0,0,0,0,40,10.40),),((0,0,0,0,0,0,0,0,0,0,0,0,0,0,0.00),))),((0,0,0,0,0,0,0,0,0,0,0,0,1,200,2.00),((0,0,0,0,0,0,0,0,0,0,0,1,0,200,206.30),((0,0,0,0,0,0,0,0,0,0,0,1,0,13587,271.74),((0,0,0,0,0,0,0,0,1,0,0,0,0,13587,7567.04),((1,0,0,0,0,0,0,0,0,0,0,0,0,2880790,80512.90),),((0,0,0,0,0,0,0,0,0,0,0,0,1,364,0.00),((1,0,0,0,0,0,0,0,0,0,0,0,0,364,2518.53),),((0,0,0,0,0,0,0,0,0,0,0,0,0,0,0.00),))),((0,0,0,0,0,0,0,0,0,0,0,0,0,0,0.00),)),((0,0,0,0,0,0,0,0,0,0,0,0,0,0,0.00),)),((0,0,0,0,0,0,0,0,0,0,0,0,0,0,0.00),))),((0,1,0,0,0,0,0,0,0,0,0,0,0,1,0.69),)),((0,0,0,0,0,0,0,0,0,0,0,0,0,0,0.00),)),((0,0,0,0,0,0,0,0,0,0,0,0,0,0,0.00),)),10.713634
0,0,0,1,((0,0,0,0,0,0,0,0,0,0,0,0,0,0,0.00),((0,0,0,0,0,0,0,0,0,0,0,1,0,39,10.53),((0,0,0,0,0,0,0,0,0,0,1,0,0,39,1.13),((0,0,0,0,0,0,0,0,0,0,0,0,0,0,0.00),),((0,0,0,0,0,0,0,0,0,0,0,0,0,0,0.00),)),((0,0,0,0,0,0,0,0,0,0,0,0,0,0,0.00),)),((0,0,0,0,0,0,0,0,0,0,0,0,0,0,0.00),)),5.879888
0,0,0,1,((0,0,0,0,0,0,0,0,0,0,0,0,0,0,0.00),((0,0,0,0,0,0,0,0,0,0,1,0,0,22505,916.39),((0,0,0,0,0,1,0,0,0,0,0,0,0,22505,112854.26),),((0,0,0,0,0,0,0,0,0,0,0,0,0,0,0.00),)),((0,0,0,0,0,0,0,0,0,0,0,0,0,0,0.00),)),46.681643
0,0,0,1,((0,0,0,0,0,0,0,0,0,0,0,0,0,0,0.00),((0,0,0,0,0,0,0,0,0,0,1,0,0,30,0.81),((0,0,0,0,0,0,1,0,0,0,0,0,0,30,10.72),((0,0,0,0,0,0,1,0,0,0,0,0,0,30,237.42),((0,0,0,0,0,0,0,0,0,0,0,1,0,30,1.05),((0,0,0,0,0,0,0,0,0,0,1,0,0,30,0.81),((0,0,0,0,0,0,1,0,0,0,0,0,0,30,9.28),((0,0,0,0,0,0,1,0,0,0,0,0,0,31,39.68),((0,0,0,0,0,0,0,0,1,0,0,0,0,130,7.90),((0,0,0,0,0,0,0,0,1,0,0,0,0,2725,7563.40),((1,0,0,0,0,0,0,0,0,0,0,0,0,2880790,80512.90),),((0,0,0,0,0,0,0,0,0,0,0,0,1,73,0.00),((1,0,0,0,0,0,0,0,0,0,0,0,0,73,2794.42),),((0,0,0,0,0,0,0,0,0,0,0,0,0,0,0.00),))),((0,0,0,0,0,0,0,0,0,0,0,0,1,2,0.00),((1,0,0,0,0,0,0,0,0,0,0,0,0,2,10.50),),((0,0,0,0,0,0,0,0,0,0,0,0,0,0,0.00),))),((0,1,0,0,0,0,0,0,0,0,0,0,0,1,0.31),)),((0,1,0,0,0,0,0,0,0,0,0,0,0,1,0.31),)),((0,0,0,0,0,0,0,0,0,0,0,0,0,0,0.00),)),((0,0,0,0,0,0,0,0,0,0,0,0,0,0,0.00),)),((0,1,0,0,0,0,0,0,0,0,0,0,0,1,8.18),)),((0,1,0,0,0,0,0,0,0,0,0,0,0,1,0.36),)),((0,0,0,0,0,0,0,0,0,0,0,0,0,0,0.00),)),((0,0,0,0,0,0,0,0,0,0,0,0,0,0,0.00),)),5.579763
0,0,0,1,((0,0,0,0,0,0,0,0,0,0,0,0,0,0,0.00),((0,0,0,0,0,0,0,0,0,0,0,1,0,237,7.11),((0,0,0,0,0,0,0,0,0,0,1,0,0,237,9.94),((0,0,0,0,0,0,0,0,1,0,0,0,0,237,24.99),((0,0,0,0,0,0,1,0,0,0,0,0,0,241,379.47),((0,0,0,0,0,0,0,0,1,0,0,0,0,250,14.18),((0,0,0,0,0,0,1,0,0,0,0,0,0,252,1156.47),((0,0,0,0,0,0,1,0,0,0,0,0,0,3208,1688.40),((0,0,0,0,0,0,0,0,0,0,0,1,0,3359,41.99),((0,0,0,0,0,0,0,0,1,0,0,0,0,3359,7563.61),((1,0,0,0,0,0,0,0,0,0,0,0,0,2880790,80512.90),),((0,0,0,0,0,0,0,0,0,0,0,0,1,90,0.00),((1,0,0,0,0,0,0,0,0,0,0,0,0,90,2702.46),),((0,0,0,0,0,0,0,0,0,0,0,0,0,0,0.00),))),((0,0,0,0,0,0,0,0,0,0,0,0,0,0,0.00),)),((0,1,0,0,0,0,0,0,0,0,0,0,0,1,0.51),)),((0,1,0,0,0,0,0,0,0,0,0,0,0,1,0.36),)),((0,0,0,0,0,0,0,0,0,0,0,0,1,880,0.00),((0,0,0,0,0,0,0,0,1,0,0,0,0,880,1890.43),((1,0,0,0,0,0,0,0,0,0,0,0,0,719691,25971.91),),((0,0,0,0,0,0,0,0,0,0,0,0,1,90,0.00),((1,0,0,0,0,0,0,0,0,0,0,0,0,90,2702.46),),((0,0,0,0,0,0,0,0,0,0,0,0,0,0,0.00),))),((0,0,0,0,0,0,0,0,0,0,0,0,0,0,0.00),))),((0,1,0,0,0,0,0,0,0,0,0,0,0,1,1.52),)),((0,0,0,0,0,0,0,0,0,0,0,0,1,1755,0.00),((0,0,0,0,0,0,0,0,1,0,0,0,0,1755,3786.20),((1,0,0,0,0,0,0,0,0,0,0,0,0,1441850,51832.50),),((0,0,0,0,0,0,0,0,0,0,0,0,1,90,0.00),((1,0,0,0,0,0,0,0,0,0,0,0,0,90,2702.46),),((0,0,0,0,0,0,0,0,0,0,0,0,0,0,0.00),))),((0,0,0,0,0,0,0,0,0,0,0,0,0,0,0.00),))),((0,0,0,0,0,0,0,0,0,0,0,0,0,0,0.00),)),((0,0,0,0,0,0,0,0,0,0,0,0,0,0,0.00),)),((0,0,0,0,0,0,0,0,0,0,0,0,0,0,0.00),)),6.407148
0,0,0,1,((0,0,0,0,0,0,0,0,0,0,0,0,0,0,0.00),((0,0,0,0,0,0,0,0,0,0,1,0,0,81,2.77),((0,0,0,0,0,1,0,0,0,0,0,0,0,81,181472.84),),((0,0,0,0,0,0,0,0,0,0,0,0,0,0,0.00),)),((0,0,0,0,0,0,0,0,0,0,0,0,0,0,0.00),)),12.959914
0,0,0,1,((0,0,0,0,0,0,0,0,0,0,1,0,0,10,0.19),((0,0,0,0,0,0,0,0,0,0,0,1,0,10,0.25),((0,0,0,0,0,0,0,0,0,0,1,0,0,10,0.19),((0,0,0,0,0,0,1,0,0,0,0,0,0,10,111.13),((0,0,0,0,0,0,0,0,1,0,0,0,0,37,9.48),((0,0,0,0,0,0,0,0,0,0,0,0,0,0,0.00),),((0,0,0,0,0,0,0,0,0,0,0,0,1,325,0.00),((1,0,0,0,0,0,0,0,0,0,0,0,0,325,1473.92),),((0,0,0,0,0,0,0,0,0,0,0,0,0,0,0.00),))),((0,1,0,0,0,0,0,0,0,0,0,0,0,1,3.09),)),((0,0,0,0,0,0,0,0,0,0,0,0,0,0,0.00),)),((0,0,0,0,0,0,0,0,0,0,0,0,0,0,0.00),)),((0,0,0,0,0,0,0,0,0,0,0,0,0,0,0.00),)),6.267402
0,0,0,1,((0,0,0,0,0,0,0,0,0,0,0,0,0,0,0.00),((0,0,0,0,0,0,0,0,0,0,1,0,0,2,0.01),((0,0,0,0,0,0,0,0,0,0,0,1,0,2,0.05),((0,0,0,0,0,0,0,0,0,0,1,0,0,2,0.01),((0,0,0,0,0,0,1,0,0,0,0,0,0,2,8.25),((0,0,0,0,0,0,1,0,0,0,0,0,0,2,1.33),((0,0,0,0,0,0,1,0,0,0,0,0,0,5,1.23),((0,0,0,0,0,0,1,0,0,0,0,0,0,5,7.49),((1,0,0,0,0,0,0,0,0,0,0,0,0,100,11.00),),((0,0,0,0,0,0,0,0,0,1,0,0,0,5,0.02),((0,0,0,0,0,0,1,0,0,0,0,0,0,5,9894.11),((0,0,0,0,0,0,0,0,1,0,0,0,0,1657,938.85),((0,0,0,0,0,0,1,0,0,0,0,0,0,237,617.83),((0,0,0,0,0,0,0,0,1,0,0,0,0,1183,36.01),((0,0,0,0,0,0,0,0,1,0,0,0,0,7137,3789.65),((1,0,0,0,0,0,0,0,0,0,0,0,0,1441850,51832.50),),((0,0,0,0,0,0,0,0,0,0,0,0,1,366,0.00),((1,0,0,0,0,0,0,0,0,0,0,0,0,366,2334.61),),((0,0,0,0,0,0,0,0,0,0,0,0,0,0,0.00),))),((0,0,0,0,0,0,0,0,0,0,0,0,1,1381,0.00),((1,0,0,0,0,0,0,0,0,0,0,0,0,1381,164.59),),((0,0,0,0,0,0,0,0,0,0,0,0,0,0,0.00),))),((0,1,0,0,0,0,0,0,0,0,0,0,0,1,0.52),)),((0,0,0,0,0,0,0,0,0,0,0,0,1,73569,0.00),((1,0,0,0,0,0,0,0,0,0,0,0,0,73569,2150.69),),((0,0,0,0,0,0,0,0,0,0,0,0,0,0,0.00),))),((0,1,0,0,0,0,0,0,0,0,0,0,0,1,5.96),)),((0,0,0,0,0,0,0,0,0,0,0,0,0,0,0.00),))),((0,1,0,0,0,0,0,0,0,0,0,0,0,1,0.31),)),((0,1,0,0,0,0,0,0,0,0,0,0,0,1,0.31),)),((0,0,0,0,0,0,0,0,0,1,0,0,0,300,1.50),((1,0,0,0,0,0,0,0,0,0,0,0,0,300,11.00),),((0,0,0,0,0,0,0,0,0,0,0,0,0,0,0.00),))),((0,0,0,0,0,0,0,0,0,0,0,0,0,0,0.00),)),((0,0,0,0,0,0,0,0,0,0,0,0,0,0,0.00),)),((0,0,0,0,0,0,0,0,0,0,0,0,0,0,0.00),)),((0,0,0,0,0,0,0,0,0,0,0,0,0,0,0.00),)),5.179451
0,0,0,1,((0,0,0,0,0,0,0,0,0,0,1,0,0,2,0.01),((0,0,0,0,0,0,1,0,0,0,0,0,0,2,8.33),((0,0,0,0,0,0,0,0,0,0,0,1,0,2,0.47),((0,0,0,0,0,0,0,0,0,0,1,0,0,17,0.39),((0,0,0,0,0,0,1,0,0,0,0,0,0,17,81.94),((0,0,0,0,0,0,0,0,1,0,0,0,0,259,7.93),((0,0,0,0,0,0,0,0,1,0,0,0,0,2725,7563.40),((1,0,0,0,0,0,0,0,0,0,0,0,0,2880790,80512.90),),((0,0,0,0,0,0,0,0,0,0,0,0,1,73,0.00),((1,0,0,0,0,0,0,0,0,0,0,0,0,73,2794.42),),((0,0,0,0,0,0,0,0,0,0,0,0,0,0,0.00),))),((0,0,0,0,0,0,0,0,0,0,0,0,1,4,0.00),((1,0,0,0,0,0,0,0,0,0,0,0,0,4,10.60),),((0,0,0,0,0,0,0,0,0,0,0,0,0,0,0.00),))),((0,1,0,0,0,0,0,0,0,0,0,0,0,1,0.32),)),((0,0,0,0,0,0,0,0,0,0,0,0,0,0,0.00),)),((0,0,0,0,0,0,0,0,0,0,0,0,0,0,0.00),)),((0,1,0,0,0,0,0,0,0,0,0,0,0,1,8.31),)),((0,0,0,0,0,0,0,0,0,0,0,0,0,0,0.00),)),4.858930
0,0,0,1,((0,0,0,0,0,0,0,0,0,0,0,0,0,0,0.00),((0,0,0,0,0,0,0,0,0,0,1,0,0,1,0.02),((0,0,0,0,0,0,0,0,1,0,0,0,0,1,36.48),((0,0,0,0,0,0,0,0,0,0,0,0,0,0,0.00),),((0,0,0,0,0,0,0,0,0,0,0,0,1,243,0.00),((0,0,0,0,0,0,0,0,0,0,0,0,0,0,0.00),),((0,0,0,0,0,0,0,0,0,0,0,0,0,0,0.00),))),((0,0,0,0,0,0,0,0,0,0,0,0,0,0,0.00),)),((0,0,0,0,0,0,0,0,0,0,0,0,0,0,0.00),)),18.624898
0,0,0,1,((0,0,0,0,0,0,0,0,0,0,0,0,0,0,0.00),((0,0,0,0,0,0,0,0,0,0,0,1,0,13826,2592.29),((0,0,0,0,0,0,0,0,0,0,1,0,0,138255,21604.02),((0,0,0,0,0,0,0,0,0,0,0,0,0,0,0.00),),((0,0,0,0,0,0,0,0,0,0,0,0,0,0,0.00),)),((0,0,0,0,0,0,0,0,0,0,0,0,0,0,0.00),)),((0,0,0,0,0,0,0,0,0,0,0,0,0,0,0.00),)),5.908618
0,0,0,1,((0,0,0,0,0,0,0,0,0,0,0,0,0,0,0.00),((0,0,0,0,0,0,0,0,0,0,0,1,0,333,7.90),((0,0,0,0,0,0,0,0,0,0,1,0,0,166,6.54),((0,0,0,0,0,0,0,0,0,0,0,0,0,0,0.00),),((0,0,0,0,0,0,0,0,0,0,0,0,0,0,0.00),)),((0,0,0,0,0,0,0,0,0,0,0,0,0,0,0.00),)),((0,0,0,0,0,0,0,0,0,0,0,0,0,0,0.00),)),7.782446
0,0,0,1,((0,0,0,0,0,0,0,0,0,0,0,0,0,0,0.00),((0,0,0,0,0,0,0,0,0,0,1,0,0,519,21.13),((0,0,0,0,0,0,0,1,0,0,0,0,0,519,21.57),((0,0,0,0,0,0,0,1,0,0,0,0,0,935,28.10),((0,0,0,0,0,0,0,0,0,0,0,1,0,935,28.05),((0,0,0,0,0,0,0,0,0,0,1,0,0,935,48.47),((0,0,0,0,0,0,1,0,0,0,0,0,0,935,6283.78),((0,0,0,0,0,0,0,0,1,0,0,0,0,13662,7567.06),((1,0,0,0,0,0,0,0,0,0,0,0,0,2880790,80512.90),),((0,0,0,0,0,0,0,0,0,0,0,0,1,366,0.00),((1,0,0,0,0,0,0,0,0,0,0,0,0,366,2334.61),),((0,0,0,0,0,0,0,0,0,0,0,0,0,0,0.00),))),((0,0,1,0,0,0,0,0,0,0,0,0,0,1,0.45),)),((0,0,0,0,0,0,0,0,0,0,0,0,0,0,0.00),)),((0,0,0,0,0,0,0,0,0,0,0,0,0,0,0.00),)),((0,0,0,0,0,0,0,0,0,1,0,0,0,2660,33.25),((0,0,0,0,0,0,0,0,0,0,0,1,0,2660,79.80),((0,0,0,0,0,0,0,0,0,0,1,0,0,2660,157.97),((0,0,0,0,0,0,1,0,0,0,0,0,0,2660,3252.97),((0,0,0,0,0,0,0,0,1,0,0,0,0,7137,3789.65),((1,0,0,0,0,0,0,0,0,0,0,0,0,1441850,51832.50),),((0,0,0,0,0,0,0,0,0,0,0,0,1,366,0.00),((1,0,0,0,0,0,0,0,0,0,0,0,0,366,2334.61),),((0,0,0,0,0,0,0,0,0,0,0,0,0,0,0.00),))),((0,0,1,0,0,0,0,0,0,0,0,0,0,1,0.45),)),((0,0,0,0,0,0,0,0,0,0,0,0,0,0,0.00),)),((0,0,0,0,0,0,0,0,0,0,0,0,0,0,0.00),)),((0,0,0,0,0,0,0,0,0,0,0,0,0,0,0.00),))),((0,0,0,0,0,0,0,0,0,1,0,0,0,1443,18.04),((0,0,0,0,0,0,0,0,0,0,0,1,0,1443,43.29),((0,0,0,0,0,0,0,0,0,0,1,0,0,1443,79.33),((0,0,0,0,0,0,1,0,0,0,0,0,0,1443,1171.31),((0,0,0,0,0,0,0,0,1,0,0,0,0,3578,1893.88),((1,0,0,0,0,0,0,0,0,0,0,0,0,719691,25971.91),),((0,0,0,0,0,0,0,0,0,0,0,0,1,366,0.00),((1,0,0,0,0,0,0,0,0,0,0,0,0,366,2334.61),),((0,0,0,0,0,0,0,0,0,0,0,0,0,0,0.00),))),((0,0,1,0,0,0,0,0,0,0,0,0,0,1,0.32),)),((0,0,0,0,0,0,0,0,0,0,0,0,0,0,0.00),)),((0,0,0,0,0,0,0,0,0,0,0,0,0,0,0.00),)),((0,0,0,0,0,0,0,0,0,0,0,0,0,0,0.00),))),((0,0,0,0,0,0,0,0,0,0,0,0,0,0,0.00),)),((0,0,0,0,0,0,0,0,0,0,0,0,0,0,0.00),)),36.965009
0,0,0,1,((0,0,0,0,0,0,0,0,0,0,0,0,0,0,0.00),((0,0,0,0,0,0,0,0,0,0,1,0,0,91,3.19),((0,0,0,0,0,0,1,0,0,0,0,0,0,91,697.61),((0,0,0,0,0,0,0,0,0,0,0,1,0,91,2.73),((0,0,0,0,0,0,0,0,0,0,1,0,0,91,3.19),((0,0,0,0,0,0,1,0,0,0,0,0,0,91,41.53),((0,0,0,0,0,0,0,0,1,0,0,0,0,136,16.52),((0,0,0,0,0,0,0,0,1,0,0,0,0,5711,7564.40),((1,0,0,0,0,0,0,0,0,0,0,0,0,2880790,80512.90),),((0,0,0,0,0,0,0,0,0,0,0,0,1,153,0.00),((1,0,0,0,0,0,0,0,0,0,0,0,0,153,2610.50),),((0,0,0,0,0,0,0,0,0,0,0,0,0,0,0.00),))),((0,0,0,0,0,0,0,0,0,0,0,0,1,1,0.00),((1,0,0,0,0,0,0,0,0,0,0,0,0,1,10.60),),((0,0,0,0,0,0,0,0,0,0,0,0,0,0,0.00),))),((0,1,0,0,0,0,0,0,0,0,0,0,0,1,0.31),)),((0,0,0,0,0,0,0,0,0,0,0,0,0,0,0.00),)),((0,0,0,0,0,0,0,0,0,0,0,0,0,0,0.00),)),((0,1,0,0,0,0,0,0,0,0,0,0,0,1,7.74),)),((0,0,0,0,0,0,0,0,0,0,0,0,0,0,0.00),)),((0,0,0,0,0,0,0,0,0,0,0,0,0,0,0.00),)),7.353308
0,0,0,1,((0,0,0,0,0,0,0,0,0,0,0,0,0,0,0.00),((0,0,0,0,0,0,0,0,0,0,0,1,0,179,4.25),((0,0,0,0,0,0,0,0,0,0,1,0,0,89,3.10),((0,0,0,0,0,0,0,0,0,0,0,0,0,0,0.00),),((0,0,0,0,0,0,0,0,0,0,0,0,0,0,0.00),)),((0,0,0,0,0,0,0,0,0,0,0,0,0,0,0.00),)),((0,0,0,0,0,0,0,0,0,0,0,0,0,0,0.00),)),8.398286
0,0,0,1,((0,0,0,0,0,0,0,0,0,0,0,0,0,0,0.00),((0,0,0,0,0,0,0,0,0,0,1,0,0,8,0.14),((0,0,0,0,0,0,1,0,0,0,0,0,0,8,84.09),((0,0,0,0,0,0,1,0,0,0,0,0,0,235,1629.88),((0,0,0,0,0,0,0,0,0,0,0,0,0,0,0.00),),((0,1,0,0,0,0,0,0,0,0,0,0,0,1,6.97),)),((0,1,0,0,0,0,0,0,0,0,0,0,0,1,0.36),)),((0,0,0,0,0,0,0,0,0,0,0,0,0,0,0.00),)),((0,0,0,0,0,0,0,0,0,0,0,0,0,0,0.00),)),145.490133
0,0,0,1,((0,0,0,0,0,0,0,0,0,0,0,0,0,0,0.00),((0,0,0,0,0,0,0,0,0,0,0,0,0,0,0.00),((0,0,0,0,0,0,0,0,0,0,1,0,0,173,6.86),((0,0,0,0,0,0,1,0,0,0,0,0,0,173,1.73),((0,0,0,0,0,0,1,0,0,0,0,0,0,1,3265.01),((1,0,0,0,0,0,0,0,0,0,0,0,0,2,1610.68),),((0,0,0,0,0,0,1,0,0,0,0,0,0,62,733.23),((1,0,0,0,0,0,0,0,0,0,0,0,0,62,2518.53),),((0,1,0,0,0,0,0,0,0,0,0,0,0,1,12.01),))),((0,0,1,0,0,0,0,0,0,0,0,0,0,173,3.51),)),((0,0,0,0,0,0,0,0,0,0,0,0,0,0,0.00),)),((0,0,0,0,0,0,0,0,0,0,0,0,0,0,0.00),)),((0,0,0,0,0,0,0,0,0,0,0,0,0,0,0.00),)),0.213797
0,0,0,1,((0,0,0,0,0,0,0,0,0,0,0,0,0,0,0.00),((0,0,0,0,0,0,0,0,0,0,1,0,0,10,0.19),((0,0,0,0,0,0,0,1,0,0,0,0,0,10,1.21),((0,0,0,0,0,0,0,1,0,0,0,0,0,20,1.44),((0,0,0,0,0,0,0,0,0,0,0,1,0,79,1.19),((0,0,0,0,0,0,0,0,0,0,1,0,0,79,2.69),((0,0,0,0,0,0,1,0,0,0,0,0,0,79,25.20),((0,0,0,0,0,0,0,0,1,0,0,0,0,79,1081.48),((1,0,0,0,0,0,0,0,0,0,0,0,0,288114,7682.14),),((0,0,0,0,0,0,0,0,0,0,0,0,1,21,0.00),((0,0,0,0,0,0,0,0,1,0,0,0,0,21,193.61),((1,0,0,0,0,0,0,0,0,0,0,0,0,73569,2150.69),),((0,0,0,0,0,0,0,0,0,0,0,0,1,21,0.00),((0,0,0,0,0,0,0,0,1,0,0,0,0,21,193.39),((1,0,0,0,0,0,0,0,0,0,0,0,0,73569,2150.69),),((0,0,0,0,0,0,0,0,0,0,0,0,1,3,0.00),((0,0,0,0,0,0,0,0,0,0,0,1,0,3,0.04),((1,0,0,0,0,0,0,0,0,0,0,0,0,3,2426.57),),((0,0,0,0,0,0,0,0,0,0,0,0,0,0,0.00),)),((0,0,0,0,0,0,0,0,0,0,0,0,0,0,0.00),))),((0,0,0,0,0,0,0,0,0,0,0,0,0,0,0.00),))),((0,0,0,0,0,0,0,0,0,0,0,0,0,0,0.00),))),((0,1,0,0,0,0,0,0,0,0,0,0,0,1,0.32),)),((0,0,0,0,0,0,0,0,0,0,0,0,0,0,0.00),)),((0,0,0,0,0,0,0,0,0,0,0,0,0,0,0.00),)),((0,0,0,0,0,0,0,0,0,0,0,1,0,20,0.30),((0,0,0,0,0,0,0,0,0,0,1,0,0,20,0.48),((0,0,0,0,0,0,1,0,0,0,0,0,0,20,7.16),((0,0,0,0,0,0,0,0,1,0,0,0,0,20,271.40),((1,0,0,0,0,0,0,0,0,0,0,0,0,72250,2058.50),),((0,0,0,0,0,0,0,0,0,0,0,0,1,21,0.00),((0,0,0,0,0,0,0,0,1,0,0,0,0,21,193.61),((1,0,0,0,0,0,0,0,0,0,0,0,0,73569,2150.69),),((0,0,0,0,0,0,0,0,0,0,0,0,1,21,0.00),((0,0,0,0,0,0,0,0,1,0,0,0,0,21,193.39),((1,0,0,0,0,0,0,0,0,0,0,0,0,73569,2150.69),),((0,0,0,0,0,0,0,0,0,0,0,0,1,3,0.00),((0,0,0,0,0,0,0,0,0,0,0,1,0,3,0.04),((1,0,0,0,0,0,0,0,0,0,0,0,0,3,2426.57),),((0,0,0,0,0,0,0,0,0,0,0,0,0,0,0.00),)),((0,0,0,0,0,0,0,0,0,0,0,0,0,0,0.00),))),((0,0,0,0,0,0,0,0,0,0,0,0,0,0,0.00),))),((0,0,0,0,0,0,0,0,0,0,0,0,0,0,0.00),))),((0,1,0,0,0,0,0,0,0,0,0,0,0,1,0.38),)),((0,0,0,0,0,0,0,0,0,0,0,0,0,0,0.00),)),((0,0,0,0,0,0,0,0,0,0,0,0,0,0,0.00),))),((0,0,0,0,0,0,0,0,0,0,0,1,0,41,0.62),((0,0,0,0,0,0,0,0,0,0,1,0,0,41,1.20),((0,0,0,0,0,0,1,0,0,0,0,0,0,41,13.64),((0,0,0,0,0,0,0,0,1,0,0,0,0,41,542.61),((1,0,0,0,0,0,0,0,0,0,0,0,0,144518,4331.18),),((0,0,0,0,0,0,0,0,0,0,0,0,1,21,0.00),((0,0,0,0,0,0,0,0,1,0,0,0,0,21,193.61),((1,0,0,0,0,0,0,0,0,0,0,0,0,73569,2150.69),),((0,0,0,0,0,0,0,0,0,0,0,0,1,21,0.00),((0,0,0,0,0,0,0,0,1,0,0,0,0,21,193.39),((1,0,0,0,0,0,0,0,0,0,0,0,0,73569,2150.69),),((0,0,0,0,0,0,0,0,0,0,0,0,1,3,0.00),((0,0,0,0,0,0,0,0,0,0,0,1,0,3,0.04),((1,0,0,0,0,0,0,0,0,0,0,0,0,3,2426.57),),((0,0,0,0,0,0,0,0,0,0,0,0,0,0,0.00),)),((0,0,0,0,0,0,0,0,0,0,0,0,0,0,0.00),))),((0,0,0,0,0,0,0,0,0,0,0,0,0,0,0.00),))),((0,0,0,0,0,0,0,0,0,0,0,0,0,0,0.00),))),((0,1,0,0,0,0,0,0,0,0,0,0,0,1,0.34),)),((0,0,0,0,0,0,0,0,0,0,0,0,0,0,0.00),)),((0,0,0,0,0,0,0,0,0,0,0,0,0,0,0.00),))),((0,0,0,0,0,0,0,0,0,0,0,0,0,0,0.00),)),((0,0,0,0,0,0,0,0,0,0,0,0,0,0,0.00),)),1.532214
0,0,0,1,((0,0,0,0,0,0,0,0,0,0,0,0,0,0,0.00),((0,0,0,0,0,0,0,0,0,0,1,0,0,14,0.30),((0,0,0,0,0,0,1,0,0,0,0,0,0,14,92.71),((0,0,0,0,0,0,0,0,1,0,0,0,0,112,1082.81),((1,0,0,0,0,0,0,0,0,0,0,0,0,288114,7682.14),),((0,0,0,0,0,0,0,0,0,0,0,0,1,101,0.00),((0,0,0,0,0,0,0,0,1,0,0,0,0,101,16.08),((0,0,0,0,0,0,0,0,1,0,0,0,0,945,269.76),((1,0,0,0,0,0,0,0,0,0,0,0,0,100491,3867.91),),((0,0,0,0,0,0,0,0,0,0,0,0,1,476,0.00),((1,0,0,0,0,0,0,0,0,0,0,0,0,476,1734.05),),((0,0,0,0,0,0,0,0,0,0,0,0,0,0,0.00),))),((0,0,0,0,0,0,0,0,0,0,0,0,1,922,0.00),((0,0,0,0,0,0,0,0,1,0,0,0,0,922,24.64),((1,0,0,0,0,0,0,0,0,0,0,0,0,8287,143.87),),((0,0,0,0,0,0,0,0,0,0,0,0,1,227,0.00),((1,0,0,0,0,0,0,0,0,0,0,0,0,227,40.60),),((0,0,0,0,0,0,0,0,0,0,0,0,0,0,0.00),))),((0,0,0,0,0,0,0,0,0,0,0,0,0,0,0.00),))),((0,0,0,0,0,0,0,0,0,0,0,0,0,0,0.00),))),((0,0,1,0,0,0,0,0,0,0,0,0,0,1,0.82),)),((0,0,0,0,0,0,0,0,0,0,0,0,0,0,0.00),)),((0,0,0,0,0,0,0,0,0,0,0,0,0,0,0.00),)),0.579650
0,0,0,1,((0,0,0,0,0,0,0,0,0,0,0,0,0,0,0.00),((0,0,0,0,0,0,0,0,0,0,1,0,0,1,0.01),((0,0,0,0,0,0,0,0,0,0,0,1,0,1,0.03),((0,0,0,0,0,0,0,0,0,0,1,0,0,1,0.01),((0,0,0,0,0,0,1,0,0,0,0,0,0,1,0.00),((0,0,0,0,0,0,1,0,0,0,0,0,0,1,0.04),((0,0,0,0,0,0,1,0,0,0,0,0,0,1,0.00),((0,0,0,0,0,0,1,0,0,0,0,0,0,1,1.13),((0,0,0,0,0,0,1,0,0,0,0,0,0,1,22749.92),((0,0,0,0,0,0,0,0,1,0,0,0,0,13478,39.98),((0,0,0,0,0,0,0,0,1,0,0,0,0,14111,319.09),((1,0,0,0,0,0,0,0,0,0,0,0,0,72250,2058.50),),((0,0,0,0,0,0,0,0,0,0,0,0,1,10354,0.00),((1,0,0,0,0,0,0,0,0,0,0,0,0,10354,2303.80),),((0,0,0,0,0,0,0,0,0,0,0,0,0,0,0.00),))),((0,0,0,0,0,0,0,0,0,0,0,0,1,160,0.00),((1,0,0,0,0,0,0,0,0,0,0,0,0,160,11.60),),((0,0,0,0,0,0,0,0,0,0,0,0,0,0,0.00),))),((0,1,0,0,0,0,0,0,0,0,0,0,0,1,1.65),)),((1,0,0,0,0,0,0,0,0,0,0,0,0,90,3.90),)),((0,1,0,0,0,0,0,0,0,0,0,0,0,1,1.95),)),((0,1,0,0,0,0,0,0,0,0,0,0,0,1,1.96),)),((0,1,0,0,0,0,0,0,0,0,0,0,0,1,0.50),)),((0,0,0,0,0,0,0,0,0,0,0,0,0,0,0.00),)),((0,0,0,0,0,0,0,0,0,0,0,0,0,0,0.00),)),((0,0,0,0,0,0,0,0,0,0,0,0,0,0,0.00),)),((0,0,0,0,0,0,0,0,0,0,0,0,0,0,0.00),)),1.031165
0,0,0,1,((0,0,0,0,0,0,0,0,0,0,0,0,0,0,0.00),((0,0,0,0,0,0,0,0,0,0,1,0,0,1001,40.76),((0,0,0,0,0,1,0,0,0,0,0,0,0,1001,31656.29),),((0,0,0,0,0,0,0,0,0,0,0,0,0,0,0.00),)),((0,0,0,0,0,0,0,0,0,0,0,0,0,0,0.00),)),4.505741
0,0,0,1,((0,0,0,0,0,0,0,0,0,0,0,1,0,1,32.45),((0,0,0,0,0,1,0,0,0,0,0,0,0,12975,189558.47),),((0,0,0,0,0,0,0,0,0,0,0,0,0,0,0.00),)),32.598954
0,0,0,1,((0,0,0,0,0,0,1,0,0,0,0,0,0,1,0.02),((0,0,0,0,0,0,1,0,0,0,0,0,0,1,0.02),((0,0,0,0,0,0,1,0,0,0,0,0,0,1,0.02),((0,0,0,0,0,0,1,0,0,0,0,0,0,1,0.02),((0,0,0,0,0,0,1,0,0,0,0,0,0,1,0.02),((0,0,0,0,0,0,1,0,0,0,0,0,0,1,0.02),((0,0,0,0,0,0,1,0,0,0,0,0,0,1,0.03),((0,0,0,0,0,0,0,0,0,0,0,1,0,1,0.76),((0,0,0,0,0,0,1,0,0,0,0,0,0,301,435.77),((0,0,0,0,0,0,0,0,1,0,0,0,0,1373,166.68),((0,0,0,0,0,0,0,0,1,0,0,0,0,57674,7585.36),((1,0,0,0,0,0,0,0,0,0,0,0,0,2880790,80512.90),),((0,0,0,0,0,0,0,0,0,0,0,0,1,1835,0.00),((1,0,0,0,0,0,0,0,0,0,0,0,0,1835,2721.92),),((0,0,0,0,0,0,0,0,0,0,0,0,0,0,0.00),))),((0,0,0,0,0,0,0,0,0,0,0,0,1,1,0.00),((1,0,0,0,0,0,0,0,0,0,0,0,0,1,10.50),),((0,0,0,0,0,0,0,0,0,0,0,0,0,0,0.00),))),((0,1,0,0,0,0,0,0,0,0,0,0,0,1,0.32),)),((0,0,0,0,0,0,0,0,0,0,0,0,0,0,0.00),)),((0,0,0,0,0,0,0,0,0,0,0,1,0,1,0.75),((0,0,0,0,0,0,1,0,0,0,0,0,0,296,429.42),((0,0,0,0,0,0,0,0,1,0,0,0,0,1353,164.23),((0,0,0,0,0,0,0,0,1,0,0,0,0,56825,7585.02),((1,0,0,0,0,0,0,0,0,0,0,0,0,2880790,80512.90),),((0,0,0,0,0,0,0,0,0,0,0,0,1,1808,0.00),((1,0,0,0,0,0,0,0,0,0,0,0,0,1808,2721.92),),((0,0,0,0,0,0,0,0,0,0,0,0,0,0,0.00),))),((0,0,0,0,0,0,0,0,0,0,0,0,1,1,0.00),((1,0,0,0,0,0,0,0,0,0,0,0,0,1,10.50),),((0,0,0,0,0,0,0,0,0,0,0,0,0,0,0.00),))),((0,1,0,0,0,0,0,0,0,0,0,0,0,1,0.32),)),((0,0,0,0,0,0,0,0,0,0,0,0,0,0,0.00),))),((0,0,0,0,0,0,0,0,0,0,0,1,0,1,0.75),((0,0,0,0,0,0,1,0,0,0,0,0,0,297,430.69),((0,0,0,0,0,0,0,0,1,0,0,0,0,1357,164.69),((0,0,0,0,0,0,0,0,1,0,0,0,0,56983,7585.08),((1,0,0,0,0,0,0,0,0,0,0,0,0,2880790,80512.90),),((0,0,0,0,0,0,0,0,0,0,0,0,1,1813,0.00),((1,0,0,0,0,0,0,0,0,0,0,0,0,1813,2721.92),),((0,0,0,0,0,0,0,0,0,0,0,0,0,0,0.00),))),((0,0,0,0,0,0,0,0,0,0,0,0,1,1,0.00),((1,0,0,0,0,0,0,0,0,0,0,0,0,1,10.50),),((0,0,0,0,0,0,0,0,0,0,0,0,0,0,0.00),))),((0,1,0,0,0,0,0,0,0,0,0,0,0,1,0.32),)),((0,0,0,0,0,0,0,0,0,0,0,0,0,0,0.00),))),((0,0,0,0,0,0,0,0,0,0,0,1,0,1,0.75),((0,0,0,0,0,0,1,0,0,0,0,0,0,296,428.46),((0,0,0,0,0,0,0,0,1,0,0,0,0,1350,163.87),((0,0,0,0,0,0,0,0,1,0,0,0,0,56700,7584.97),((1,0,0,0,0,0,0,0,0,0,0,0,0,2880790,80512.90),),((0,0,0,0,0,0,0,0,0,0,0,0,1,1804,0.00),((1,0,0,0,0,0,0,0,0,0,0,0,0,1804,2721.92),),((0,0,0,0,0,0,0,0,0,0,0,0,0,0,0.00),))),((0,0,0,0,0,0,0,0,0,0,0,0,1,1,0.00),((1,0,0,0,0,0,0,0,0,0,0,0,0,1,10.50),),((0,0,0,0,0,0,0,0,0,0,0,0,0,0,0.00),))),((0,1,0,0,0,0,0,0,0,0,0,0,0,1,0.32),)),((0,0,0,0,0,0,0,0,0,0,0,0,0,0,0.00),))),((0,0,0,0,0,0,0,0,0,0,0,1,0,1,0.75),((0,0,0,0,0,0,1,0,0,0,0,0,0,297,429.73),((0,0,0,0,0,0,0,0,1,0,0,0,0,1354,164.33),((0,0,0,0,0,0,0,0,1,0,0,0,0,56857,7585.03),((1,0,0,0,0,0,0,0,0,0,0,0,0,2880790,80512.90),),((0,0,0,0,0,0,0,0,0,0,0,0,1,1809,0.00),((1,0,0,0,0,0,0,0,0,0,0,0,0,1809,2721.92),),((0,0,0,0,0,0,0,0,0,0,0,0,0,0,0.00),))),((0,0,0,0,0,0,0,0,0,0,0,0,1,1,0.00),((1,0,0,0,0,0,0,0,0,0,0,0,0,1,10.50),),((0,0,0,0,0,0,0,0,0,0,0,0,0,0,0.00),))),((0,1,0,0,0,0,0,0,0,0,0,0,0,1,0.32),)),((0,0,0,0,0,0,0,0,0,0,0,0,0,0,0.00),))),((0,0,0,0,0,0,0,0,0,0,0,1,0,1,0.75),((0,0,0,0,0,0,1,0,0,0,0,0,0,297,430.05),((0,0,0,0,0,0,0,0,1,0,0,0,0,1355,164.50),((0,0,0,0,0,0,0,0,1,0,0,0,0,56920,7585.06),((1,0,0,0,0,0,0,0,0,0,0,0,0,2880790,80512.90),),((0,0,0,0,0,0,0,0,0,0,0,0,1,1811,0.00),((1,0,0,0,0,0,0,0,0,0,0,0,0,1811,2721.92),),((0,0,0,0,0,0,0,0,0,0,0,0,0,0,0.00),))),((0,0,0,0,0,0,0,0,0,0,0,0,1,1,0.00),((1,0,0,0,0,0,0,0,0,0,0,0,0,1,10.50),),((0,0,0,0,0,0,0,0,0,0,0,0,0,0,0.00),))),((0,1,0,0,0,0,0,0,0,0,0,0,0,1,0.32),)),((0,0,0,0,0,0,0,0,0,0,0,0,0,0,0.00),))),((0,0,0,0,0,0,0,0,0,0,0,1,0,1,0.75),((0,0,0,0,0,0,1,0,0,0,0,0,0,298,431.32),((0,0,0,0,0,0,0,0,1,0,0,0,0,1359,164.96),((0,0,0,0,0,0,0,0,1,0,0,0,0,57077,7585.12),((1,0,0,0,0,0,0,0,0,0,0,0,0,2880790,80512.90),),((0,0,0,0,0,0,0,0,0,0,0,0,1,1816,0.00),((1,0,0,0,0,0,0,0,0,0,0,0,0,1816,2721.92),),((0,0,0,0,0,0,0,0,0,0,0,0,0,0,0.00),))),((0,0,0,0,0,0,0,0,0,0,0,0,1,1,0.00),((1,0,0,0,0,0,0,0,0,0,0,0,0,1,10.50),),((0,0,0,0,0,0,0,0,0,0,0,0,0,0,0.00),))),((0,1,0,0,0,0,0,0,0,0,0,0,0,1,0.32),)),((0,0,0,0,0,0,0,0,0,0,0,0,0,0,0.00),))),((0,0,0,0,0,0,0,0,0,0,0,1,0,1,0.75),((0,0,0,0,0,0,1,0,0,0,0,0,0,298,431.64),((0,0,0,0,0,0,0,0,1,0,0,0,0,1360,165.14),((0,0,0,0,0,0,0,0,1,0,0,0,0,57140,7585.14),((1,0,0,0,0,0,0,0,0,0,0,0,0,2880790,80512.90),),((0,0,0,0,0,0,0,0,0,0,0,0,1,1818,0.00),((1,0,0,0,0,0,0,0,0,0,0,0,0,1818,2721.92),),((0,0,0,0,0,0,0,0,0,0,0,0,0,0,0.00),))),((0,0,0,0,0,0,0,0,0,0,0,0,1,1,0.00),((1,0,0,0,0,0,0,0,0,0,0,0,0,1,10.50),),((0,0,0,0,0,0,0,0,0,0,0,0,0,0,0.00),))),((0,1,0,0,0,0,0,0,0,0,0,0,0,1,0.32),)),((0,0,0,0,0,0,0,0,0,0,0,0,0,0,0.00),))),29.156666
0,0,0,1,((0,0,0,0,0,0,0,0,0,0,0,0,0,0,0.00),((0,0,0,0,0,0,0,0,0,0,1,0,0,94,3.32),((0,0,0,0,0,1,0,0,0,0,0,0,0,94,92216.15),),((0,0,0,0,0,0,0,0,0,0,0,0,0,0,0.00),)),((0,0,0,0,0,0,0,0,0,0,0,0,0,0,0.00),)),5.044408
0,0,0,1,((0,0,0,0,0,0,0,0,0,0,0,0,0,0,0.00),((0,0,0,0,0,0,0,0,0,0,1,0,0,1,0.01),((0,0,0,0,0,0,1,0,0,0,0,0,0,1,0.04),((0,0,0,0,0,0,0,0,0,0,0,1,0,1,0.51),((0,0,0,0,0,0,1,0,0,0,0,0,0,200,777.36),((0,0,0,0,0,0,0,0,1,0,0,0,0,2399,73.35),((0,0,0,0,0,0,0,0,1,0,0,0,0,23983,1978.16),((1,0,0,0,0,0,0,0,0,0,0,0,0,719691,25971.91),),((0,0,0,0,0,0,0,0,0,0,0,0,1,3,0.00),((1,0,0,0,0,0,0,0,0,0,0,0,0,3,4.35),),((0,0,0,0,0,0,0,0,0,0,0,0,0,0,0.00),))),((0,0,0,0,0,0,0,0,0,0,0,0,1,829,0.00),((1,0,0,0,0,0,0,0,0,0,0,0,0,829,164.59),),((0,0,0,0,0,0,0,0,0,0,0,0,0,0,0.00),))),((0,1,0,0,0,0,0,0,0,0,0,0,0,1,0.32),)),((0,0,0,0,0,0,0,0,0,0,0,0,0,0,0.00),)),((0,0,0,0,0,0,0,0,0,0,0,1,0,1,0.51),((0,0,0,0,0,0,1,0,0,0,0,0,0,201,777.36),((0,0,0,0,0,0,0,0,1,0,0,0,0,2399,73.35),((0,0,0,0,0,0,0,0,1,0,0,0,0,23983,1978.16),((1,0,0,0,0,0,0,0,0,0,0,0,0,719691,25971.91),),((0,0,0,0,0,0,0,0,0,0,0,0,1,3,0.00),((1,0,0,0,0,0,0,0,0,0,0,0,0,3,4.35),),((0,0,0,0,0,0,0,0,0,0,0,0,0,0,0.00),))),((0,0,0,0,0,0,0,0,0,0,0,0,1,829,0.00),((1,0,0,0,0,0,0,0,0,0,0,0,0,829,164.59),),((0,0,0,0,0,0,0,0,0,0,0,0,0,0,0.00),))),((0,1,0,0,0,0,0,0,0,0,0,0,0,1,0.32),)),((0,0,0,0,0,0,0,0,0,0,0,0,0,0,0.00),))),((0,0,0,0,0,0,0,0,0,0,0,0,0,0,0.00),)),((0,0,0,0,0,0,0,0,0,0,0,0,0,0,0.00),)),2.081846
0,0,0,1,((0,0,0,0,0,0,0,0,0,0,1,0,0,1,0.02),((0,0,0,0,0,0,0,0,0,0,0,1,0,1,0.03),((0,0,0,0,0,0,0,0,0,0,1,0,0,1,0.02),((0,0,0,0,0,0,1,0,0,0,0,0,0,1,0.00),((0,0,0,0,0,0,1,0,0,0,0,0,0,1,0.00),((0,0,0,0,0,0,1,0,0,0,0,0,0,1,2.87),((0,0,0,0,0,0,1,0,0,0,0,0,0,9,16.96),((0,0,0,0,0,0,1,0,0,0,0,0,0,56,22.23),((0,0,0,0,0,0,0,0,1,0,0,0,0,57,379.74),((1,0,0,0,0,0,0,0,0,0,0,0,0,144518,4331.18),),((0,0,0,0,0,0,0,0,0,0,0,0,1,29,0.00),((1,0,0,0,0,0,0,0,0,0,0,0,0,29,2518.53),),((0,0,0,0,0,0,0,0,0,0,0,0,0,0,0.00),))),((0,1,0,0,0,0,0,0,0,0,0,0,0,1,0.40),)),((0,1,0,0,0,0,0,0,0,0,0,0,0,1,0.31),)),((0,1,0,0,0,0,0,0,0,0,0,0,0,1,0.36),)),((0,1,0,0,0,0,0,0,0,0,0,0,0,1,0.16),)),((0,1,0,0,0,0,0,0,0,0,0,0,0,1,1.53),)),((0,0,0,0,0,0,0,0,0,0,0,0,0,0,0.00),)),((0,0,0,0,0,0,0,0,0,0,0,0,0,0,0.00),)),((0,0,0,0,0,0,0,0,0,0,0,0,0,0,0.00),)),0.389471
0,0,0,1,((0,0,0,0,0,0,0,0,0,0,0,0,0,0,0.00),((0,0,0,0,0,0,0,0,0,0,1,0,0,1,0.01),((0,0,0,0,0,0,0,0,0,0,0,1,0,1,0.01),((0,0,0,0,0,0,0,0,1,0,0,0,0,1,2.41),((0,0,0,0,0,0,0,0,1,0,0,0,0,841,1890.38),((1,0,0,0,0,0,0,0,0,0,0,0,0,719691,25971.91),),((0,0,0,0,0,0,0,0,0,0,0,0,1,86,0.00),((1,0,0,0,0,0,0,0,0,0,0,0,0,86,2518.53),),((0,0,0,0,0,0,0,0,0,0,0,0,0,0,0.00),))),((0,0,0,0,0,0,0,0,0,0,0,0,1,16,0.00),((1,0,0,0,0,0,0,0,0,0,0,0,0,16,1473.92),),((0,0,0,0,0,0,0,0,0,0,0,0,0,0,0.00),))),((0,0,0,0,0,0,0,0,0,0,0,0,0,0,0.00),)),((0,0,0,0,0,0,0,0,0,0,0,0,0,0,0.00),)),((0,0,0,0,0,0,0,0,0,0,0,0,0,0,0.00),)),1.026308
0,0,0,1,((0,0,0,0,0,0,0,0,0,0,0,0,0,0,0.00),((0,0,0,0,0,0,0,0,0,0,1,0,0,2,0.01),((0,0,0,0,0,0,0,0,0,0,0,1,0,2,0.06),((0,0,0,0,0,0,0,0,0,0,1,0,0,2,0.01),((0,0,0,0,0,0,1,0,0,0,0,0,0,2,2283.02),((0,0,0,0,0,0,0,0,1,0,0,0,0,1737,775.64),((1,0,0,0,0,0,0,0,0,0,0,0,0,288114,7682.14),),((0,0,0,0,0,0,0,0,0,0,0,0,1,1,0.00),((1,0,0,0,0,0,0,0,0,0,0,0,0,1,12.00),),((0,0,0,0,0,0,0,0,0,0,0,0,0,0,0.00),))),((0,1,0,0,0,0,0,0,0,0,0,0,0,1,1.32),)),((0,0,0,0,0,0,0,0,0,0,0,0,0,0,0.00),)),((0,0,0,0,0,0,0,0,0,0,0,0,0,0,0.00),)),((0,0,0,0,0,0,0,0,0,0,0,0,0,0,0.00),)),((0,0,0,0,0,0,0,0,0,0,0,0,0,0,0.00),)),0.789637
0,0,0,1,((0,0,0,0,0,0,0,0,0,0,0,0,0,0,0.00),((0,0,0,0,0,0,0,0,0,0,1,0,0,1,0.01),((0,0,0,0,0,0,0,0,0,0,0,1,0,1,0.02),((0,0,0,0,0,0,1,0,0,0,0,0,0,1,-173.39),((0,0,0,0,0,0,1,0,0,0,0,0,0,1,0.02),((0,0,0,0,0,0,1,0,0,0,0,0,0,1,451.96),((0,0,0,0,0,0,0,0,1,0,0,0,0,1396,162.16),((0,0,0,0,0,0,0,0,1,0,0,0,0,55854,1938.49),((1,0,0,0,0,0,0,0,0,0,0,0,0,719691,25971.91),),((0,0,0,0,0,0,0,0,0,0,0,0,1,3932,0.00),((1,0,0,0,0,0,0,0,0,0,0,0,0,3932,1734.05),),((0,0,0,0,0,0,0,0,0,0,0,0,0,0,0.00),))),((0,0,0,0,0,0,0,0,0,0,0,0,1,1,0.00),((1,0,0,0,0,0,0,0,0,0,0,0,0,1,10.50),),((0,0,0,0,0,0,0,0,0,0,0,0,0,0,0.00),))),((0,1,0,0,0,0,0,0,0,0,0,0,0,1,0.32),)),((0,1,0,0,0,0,0,0,0,0,0,0,0,10,5398.38),)),((0,0,1,0,0,0,0,0,0,0,0,0,0,2,542.20),)),((0,0,0,0,0,0,0,0,0,0,0,0,0,0,0.00),)),((0,0,0,0,0,0,0,0,0,0,0,0,0,0,0.00),)),((0,0,0,0,0,0,0,0,0,0,0,0,0,0,0.00),)),3.856479
0,0,0,1,((0,0,0,0,0,0,0,0,0,0,0,0,0,0,0.00),((0,0,0,0,0,0,0,0,0,0,1,0,0,1,0.02),((0,0,0,0,0,0,0,0,0,0,0,1,0,1,0.02),((0,0,0,0,0,0,1,0,0,0,0,0,0,1,2.50),((0,0,0,0,0,0,1,0,0,0,0,0,0,1,0.02),((0,0,0,0,0,0,1,0,0,0,0,0,0,1,4.12),((0,0,0,0,0,0,1,0,0,0,0,0,0,14,5826.59),((0,0,0,0,0,0,0,0,1,0,0,0,0,17985,2089.28),((1,0,0,0,0,0,0,0,0,0,0,0,0,719691,25971.91),),((0,0,0,0,0,0,0,0,0,0,0,0,1,1,0.00),((1,0,0,0,0,0,0,0,0,0,0,0,0,1,10.50),),((0,0,0,0,0,0,0,0,0,0,0,0,0,0,0.00),))),((0,1,0,0,0,0,0,0,0,0,0,0,0,1,0.32),)),((0,1,0,0,0,0,0,0,0,0,0,0,0,1,0.32),)),((0,0,0,0,0,0,0,0,1,0,0,0,0,383,26739.97),((0,0,0,0,0,0,0,0,0,0,0,0,0,0,0.00),),((0,0,0,0,0,0,0,0,0,0,0,0,1,2,0.00),((0,0,1,0,0,0,0,0,0,0,0,0,0,2,542.20),),((0,0,0,0,0,0,0,0,0,0,0,0,0,0,0.00),)))),((0,0,0,0,0,0,0,0,0,0,0,1,0,200,17825.44),((0,0,0,0,0,0,0,0,0,0,0,0,0,0,0.00),),((0,0,0,0,0,0,0,0,0,0,0,0,0,0,0.00),))),((0,0,0,0,0,0,0,0,0,0,0,0,0,0,0.00),)),((0,0,0,0,0,0,0,0,0,0,0,0,0,0,0.00),)),((0,0,0,0,0,0,0,0,0,0,0,0,0,0,0.00),)),518.901572
0,0,0,1,((0,0,0,0,0,0,0,0,0,0,0,0,0,0,0.00),((0,0,0,0,0,0,0,0,0,0,1,0,0,1,0.01),((0,0,0,0,0,0,0,0,0,0,0,1,0,1,0.34),((0,0,0,0,0,0,1,0,0,0,0,0,0,131,2073.18),((0,0,0,0,0,0,0,0,1,0,0,0,0,6535,793.34),((0,0,0,0,0,0,0,0,1,0,0,0,0,274523,7576.12),((1,0,0,0,0,0,0,0,0,0,0,0,0,2880790,80512.90),),((0,0,0,0,0,0,0,0,0,0,0,0,1,829,0.00),((1,0,0,0,0,0,0,0,0,0,0,0,0,829,164.59),),((0,0,0,0,0,0,0,0,0,0,0,0,0,0,0.00),))),((0,0,0,0,0,0,0,0,0,0,0,0,1,1,0.00),((1,0,0,0,0,0,0,0,0,0,0,0,0,1,10.50),),((0,0,0,0,0,0,0,0,0,0,0,0,0,0,0.00),))),((0,1,0,0,0,0,0,0,0,0,0,0,0,1,0.32),)),((0,0,0,0,0,0,0,0,0,0,0,0,0,0,0.00),)),((0,0,0,0,0,0,0,0,0,0,0,0,0,0,0.00),)),((0,0,0,0,0,0,0,0,0,0,0,0,0,0,0.00),)),4.199951
0,0,0,1,((0,0,0,0,0,0,0,0,0,0,0,0,0,0,0.00),((0,0,0,0,0,0,0,0,0,0,0,1,0,1,101.91),((0,0,0,0,0,0,0,1,0,0,0,0,0,13587,334.39),((0,0,0,0,0,0,0,0,0,0,0,0,0,0,0.00),((0,0,0,0,0,0,0,0,0,0,1,0,0,13587,966.71),((0,0,0,0,0,0,0,0,1,0,0,0,0,13587,7567.04),((1,0,0,0,0,0,0,0,0,0,0,0,0,2880790,80512.90),),((0,0,0,0,0,0,0,0,0,0,0,0,1,364,0.00),((1,0,0,0,0,0,0,0,0,0,0,0,0,364,2518.53),),((0,0,0,0,0,0,0,0,0,0,0,0,0,0,0.00),))),((0,0,0,0,0,0,0,0,0,0,0,0,0,0,0.00),)),((0,0,0,0,0,0,0,0,0,0,0,0,0,0,0.00),)),((0,0,0,0,0,0,0,0,0,0,0,0,0,0,0.00),((0,0,0,0,0,0,0,0,0,0,1,0,0,7098,471.78),((0,0,0,0,0,0,0,0,1,0,0,0,0,7098,3789.63),((1,0,0,0,0,0,0,0,0,0,0,0,0,1441850,51832.50),),((0,0,0,0,0,0,0,0,0,0,0,0,1,364,0.00),((1,0,0,0,0,0,0,0,0,0,0,0,0,364,2518.53),),((0,0,0,0,0,0,0,0,0,0,0,0,0,0,0.00),))),((0,0,0,0,0,0,0,0,0,0,0,0,0,0,0.00),)),((0,0,0,0,0,0,0,0,0,0,0,0,0,0,0.00),))),((0,0,0,0,0,0,0,0,0,0,0,0,0,0,0.00),)),((0,0,0,0,0,0,0,0,0,0,0,0,0,0,0.00),)),10.251618
0,0,0,1,((0,0,0,0,0,0,0,0,0,0,1,0,0,349,15.61),((0,0,0,0,0,0,0,0,0,0,0,0,0,0,0.00),((0,0,0,0,0,0,0,0,0,0,1,0,0,349,15.61),((0,0,0,0,0,0,0,0,0,0,0,1,0,349,13.09),((0,0,0,0,0,0,0,0,0,0,1,0,0,349,15.61),((0,0,0,0,0,0,1,0,0,0,0,0,0,349,370.49),((0,0,0,0,0,0,0,0,1,0,0,0,0,1194,7562.89),((1,0,0,0,0,0,0,0,0,0,0,0,0,2880790,80512.90),),((0,0,0,0,0,0,0,0,0,0,0,0,1,32,0.00),((1,0,0,0,0,0,0,0,0,0,0,0,0,32,2518.53),),((0,0,0,0,0,0,0,0,0,0,0,0,0,0,0.00),))),((0,1,0,0,0,0,0,0,0,0,0,0,0,1,0.31),)),((0,0,0,0,0,0,0,0,0,0,0,0,0,0,0.00),)),((0,0,0,0,0,0,0,0,0,0,0,0,0,0,0.00),)),((0,0,0,0,0,0,0,0,0,0,0,0,0,0,0.00),)),((0,0,0,0,0,0,0,0,0,0,0,0,0,0,0.00),)),((0,0,0,0,0,0,0,0,0,0,0,0,0,0,0.00),)),3.877808
0,0,0,1,((0,0,0,0,0,0,0,0,0,0,0,0,0,0,0.00),((0,0,0,0,0,0,0,0,0,0,0,1,0,6991,506.85),((0,0,0,0,0,0,0,0,0,0,1,0,0,6991,463.90),((0,0,0,0,0,0,0,0,1,0,0,0,0,6991,38.36),((0,0,0,0,0,0,0,0,1,0,0,0,0,7025,20.57),((0,0,0,0,0,0,0,0,1,0,0,0,0,7062,21.32),((0,0,0,0,0,0,0,0,1,0,0,0,0,7098,3789.63),((1,0,0,0,0,0,0,0,0,0,0,0,0,1441850,51832.50),),((0,0,0,0,0,0,0,0,0,0,0,0,1,364,0.00),((1,0,0,0,0,0,0,0,0,0,0,0,0,364,2518.53),),((0,0,0,0,0,0,0,0,0,0,0,0,0,0,0.00),))),((0,0,0,0,0,0,0,0,0,0,0,0,1,180,0.00),((1,0,0,0,0,0,0,0,0,0,0,0,0,180,11.80),),((0,0,0,0,0,0,0,0,0,0,0,0,0,0,0.00),))),((0,0,0,0,0,0,0,0,0,0,0,0,1,100,0.00),((1,0,0,0,0,0,0,0,0,0,0,0,0,100,11.00),),((0,0,0,0,0,0,0,0,0,0,0,0,0,0,0.00),))),((0,0,0,0,0,0,0,0,0,0,0,0,1,40,0.00),((1,0,0,0,0,0,0,0,0,0,0,0,0,40,10.40),),((0,0,0,0,0,0,0,0,0,0,0,0,0,0,0.00),))),((0,0,0,0,0,0,0,0,0,0,0,0,0,0,0.00),)),((0,0,0,0,0,0,0,0,0,0,0,0,0,0,0.00),)),((0,0,0,0,0,0,0,0,0,0,0,0,0,0,0.00),)),6.284322
